Input	Generic Wind Power Curve	Generic Onshore Wind Power Curve	Generic Offshore Wind Power Curve	Siemes SWT 36 120	Siemes SWT 60 154	LWST Offshore Wind Power Curve	HWST Offshore Wind Power Curve	NWST Wind Power Curve	HWST Wind Power Curve	LWST Wind Power Curve	NWST Offshore Wind Power Curve	Nordsee One Power Curve	NWST Wind Power Curve PL
0	0	0	0	0	0	0	0	0	0	0	0	0	0
0.1	0	0	0	0	0	0	0	0	0	0	0	0	0
0.2	0	0	0	0	0	0	0	0	0	0	0	0	0
0.3	0	0	0	0	0	0	0	0	0	0	0	0	0
0.4	0	0	0	0	0	0	0	0	0	0	0	0	0
0.5	0	0	0	0	0	0	0	0	0	0	0	0	0
0.6	0	0	0	0	0	0	0	0	0	0	0	0	0
0.7	0	0	0	0	0	0	0	0	0	0	0	0	0
0.8	0	0	0	0	0	0	0	0	0	0	0	0	0
0.9	0	0	0	0	0	0	0	0	0	0	0	0	0
1	0	0	0	0	0	0	0	0	0	0	0	0	0
1.1	0	0	0	0	0	0	0	0	0	0	0	0	0
1.2	0	0	0	0	0	0.052380952	0	0	0	0.052380952	0	0	0
1.3	0	0	0	0	0	0.104761905	0	0	0	0.104761905	0	0	0
1.4	0	0	0	0	0	0.157142857	0	0	0	0.157142857	0	0	0
1.5	0	0	0	0	0	0.20952381	0	0	0	0.20952381	0	0	0
1.6	0	0	0	0	0	0.261904762	0	0	0	0.261904762	0	0	0
1.7	0	0	0	0	0	0.314285714	0	0	0	0.314285714	0	0	0
1.8	0	0	0	0	0	0.366666667	0	0	0	0.366666667	0	0	0
1.9	0	0	0	0	0	0.419047619	0	0	0	0.419047619	0	0	0
2	0	0	0	0	0.122024405	0.471428571	0	0.052380952	0	0.471428571	0	0	0
2.1	0.052380952	0	0	0	0.24404881	0.523809524	0	0.052380952	0	0.523809524	0.052380952	0	0
2.2	0.104761905	0	0.052380952	0	0.366073215	0.719047619	0	0.104761905	0	0.719047619	0.104761905	0	0
2.3	0.157142857	0	0.104761905	0	0.48809762	0.914285714	0	0.157142857	0	0.914285714	0.157142857	0	0
2.4	0.20952381	0	0.157142857	0	0.610122025	1.10952381	0	0.20952381	0	1.10952381	0.20952381	0	0
2.5	0.261904762	0	0.20952381	0	0.732146429	1.304761905	0	0.052380952	0	1.304761905	0.261904762	0	0
2.6	0.314285714	0.052380952	0.261904762	0	0.854170834	1.5	0	0.104761905	0	1.5	0.314285714	0	0.052380952
2.7	0.366666667	0.104761905	0.314285714	0	0.976195239	1.695238095	0	0.157142857	0	1.695238095	0.366666667	0.052380952	0.104761905
2.8	0.419047619	0.157142857	0.366666667	0	1.098219644	1.89047619	0	0.20952381	0	1.89047619	0.419047619	0.104761905	0.157142857
2.9	0.471428571	0.20952381	0.419047619	0	1.220244049	2.085714286	0	0.261904762	0	2.085714286	0.471428571	0.157142857	0.20952381
3	0.523809524	0.261904762	0.471428571	0	1.480296059	2.280952381	0	0.314285714	0	2.280952381	0.523809524	0.20952381	0.261904762
3.1	0.719047619	0.314285714	0.523809524	0.483333333	1.74034807	2.476190476	0	0.366666667	0	2.476190476	0.719047619	0.261904762	0.314285714
3.2	0.914285714	0.366666667	0.719047619	0.966666667	2.00040008	2.847619048	0	0.419047619	0	2.847619048	0.914285714	0.314285714	0.366666667
3.3	1.10952381	0.419047619	0.914285714	1.45	2.260452091	3.219047619	0	0.471428571	0	3.219047619	1.10952381	0.366666667	0.419047619
3.4	1.304761905	0.471428571	1.10952381	1.933333333	2.520504101	3.59047619	0	0.523809524	0	3.59047619	1.304761905	0.419047619	0.471428571
3.5	1.5	0.523809524	1.304761905	2.416666667	2.780556111	3.961904762	0	0.719047619	0	3.961904762	1.5	0.471428571	0.523809524
3.6	1.695238095	0.719047619	1.5	2.9	3.040608122	4.333333333	0	0.914285714	0	4.333333333	1.695238095	0.523809524	0.719047619
3.7	1.89047619	0.914285714	1.695238095	3.383333333	3.300660132	4.704761905	0	1.10952381	0	4.704761905	1.89047619	0.719047619	0.914285714
3.8	2.085714286	1.10952381	1.89047619	3.866666666	3.560712143	5.076190476	0	1.304761905	0	5.076190476	2.085714286	0.914285714	1.10952381
3.9	2.280952381	1.304761905	2.085714286	4.35	3.820764153	5.447619048	0	1.5	0	5.447619048	2.280952381	1.10952381	1.304761905
4	2.476190476	1.5	2.280952381	4.833333333	4.314862973	5.819047619	0	1.695238095	0	5.819047619	2.476190476	1.304761905	1.5
4.1	2.847619048	1.695238095	2.476190476	5.402777778	4.808961792	6.19047619	0	1.89047619	0	6.19047619	2.847619048	1.5	1.695238095
4.2	3.219047619	1.89047619	2.847619048	5.972222222	5.303060612	6.816666667	0	2.085714286	0	6.816666667	3.219047619	1.695238095	1.89047619
4.3	3.59047619	2.085714286	3.219047619	6.541666667	5.797159432	7.442857143	0	2.280952381	0	7.442857143	3.59047619	1.89047619	2.085714286
4.4	3.961904762	2.280952381	3.59047619	7.111111112	6.291258252	8.069047619	0	2.476190476	0	8.069047619	3.961904762	2.085714286	2.280952381
4.5	4.333333333	2.476190476	3.961904762	7.680555557	6.785357071	8.695238095	0.052380952	2.847619048	0.052380952	8.695238095	4.333333333	2.280952381	2.476190476
4.6	4.704761905	2.847619048	4.333333333	8.250000001	7.279455891	9.321428571	0.104761905	3.219047619	0.104761905	9.321428571	4.704761905	2.476190476	2.847619048
4.7	5.076190476	3.219047619	4.704761905	8.819444446	7.773554711	9.947619048	0.157142857	3.59047619	0.157142857	9.947619048	5.076190476	2.847619048	3.219047619
4.8	5.447619048	3.59047619	5.076190476	9.388888891	8.26765353	10.57380952	0.20952381	3.961904762	0.20952381	10.57380952	5.447619048	3.219047619	3.59047619
4.9	5.819047619	3.961904762	5.447619048	9.958333335	8.76175235	11.2	0.261904762	4.333333333	0.261904762	11.2	5.819047619	3.59047619	3.961904762
5	6.19047619	4.333333333	5.819047619	10.52777778	9.549909982	11.82619048	0.314285714	4.704761905	0.314285714	11.82619048	6.19047619	3.961904762	4.333333333
5.1	6.816666667	4.704761905	6.19047619	11.38055556	10.33806761	12.45238095	0.366666667	5.076190476	0.366666667	12.45238095	6.816666667	4.333333333	4.704761905
5.2	7.442857143	5.076190476	6.816666667	12.23333334	11.12622525	13.39761905	0.419047619	5.447619048	0.419047619	13.39761905	7.442857143	4.704761905	5.076190476
5.3	8.069047619	5.447619048	7.442857143	13.08611111	11.91438288	14.34285714	0.471428571	5.819047619	0.471428571	14.34285714	8.069047619	5.076190476	5.447619048
5.4	8.695238095	5.819047619	8.069047619	13.93888889	12.70254051	15.28809524	0.523809524	6.19047619	0.523809524	15.28809524	8.695238095	5.447619048	5.819047619
5.5	9.321428571	6.19047619	8.695238095	14.79166667	13.49069814	16.23333333	0.719047619	6.816666667	0.719047619	16.23333333	9.321428571	5.819047619	6.19047619
5.6	9.947619048	6.816666667	9.321428571	15.64444445	14.27885577	17.17857143	0.914285714	7.442857143	0.914285714	17.17857143	9.947619048	6.19047619	6.816666667
5.7	10.57380952	7.442857143	9.947619048	16.49722223	15.06701341	18.12380952	1.10952381	8.069047619	1.10952381	18.12380952	10.57380952	6.816666667	7.442857143
5.8	11.2	8.069047619	10.57380952	17.35	15.85517104	19.06904762	1.304761905	8.695238095	1.304761905	19.06904762	11.2	7.442857143	8.069047619
5.9	11.82619048	8.695238095	11.2	18.20277778	16.64332867	20.01428571	1.5	9.321428571	1.5	20.01428571	11.82619048	8.069047619	8.695238095
6	12.45238095	9.321428571	11.82619048	19.05555556	17.71354271	20.95952381	1.695238095	9.947619048	1.695238095	20.95952381	12.45238095	8.695238095	9.321428571
6.1	13.39761905	9.947619048	12.45238095	20.22777778	18.78375675	21.9047619	1.89047619	10.57380952	1.89047619	21.9047619	13.39761905	9.321428571	9.947619048
6.2	14.34285714	10.57380952	13.39761905	21.4	19.8539708	23.21666667	2.085714286	11.2	2.085714286	23.21666667	14.34285714	9.947619048	10.57380952
6.3	15.28809524	11.2	14.34285714	22.57222223	20.92418484	24.52857143	2.280952381	11.82619048	2.280952381	24.52857143	15.28809524	10.57380952	11.2
6.4	16.23333333	11.82619048	15.28809524	23.74444445	21.99439888	25.84047619	2.476190476	12.45238095	2.476190476	25.84047619	16.23333333	11.2	11.82619048
6.5	17.17857143	12.45238095	16.23333333	24.91666667	23.06461292	27.15238095	2.847619048	13.39761905	2.847619048	27.15238095	17.17857143	11.82619048	12.45238095
6.6	18.12380952	13.39761905	17.17857143	26.08888889	24.13482696	28.46428571	3.219047619	14.34285714	3.219047619	28.46428571	18.12380952	12.45238095	13.39761905
6.7	19.06904762	14.34285714	18.12380952	27.26111111	25.20504101	29.77619048	3.59047619	15.28809524	3.59047619	29.77619048	19.06904762	13.39761905	14.34285714
6.8	20.01428571	15.28809524	19.06904762	28.43333334	26.27525505	31.08809524	3.961904762	16.23333333	3.961904762	31.08809524	20.01428571	14.34285714	15.28809524
6.9	20.95952381	16.23333333	20.01428571	29.60555556	27.34546909	32.4	4.333333333	17.17857143	4.333333333	32.4	20.95952381	15.28809524	16.23333333
7	21.9047619	17.17857143	20.95952381	30.77777778	28.72774555	33.71190476	4.704761905	18.12380952	4.704761905	33.71190476	21.9047619	16.23333333	17.17857143
7.1	23.21666667	18.12380952	21.9047619	32.33055556	30.110022	35.02380952	5.076190476	19.06904762	5.076190476	35.02380952	23.21666667	17.17857143	18.12380952
7.2	24.52857143	19.06904762	23.21666667	33.88333334	31.49229846	36.64285714	5.447619048	20.01428571	5.447619048	36.64285714	24.52857143	18.12380952	19.06904762
7.3	25.84047619	20.01428571	24.52857143	35.43611111	32.87457491	38.26190476	5.819047619	20.95952381	5.819047619	38.26190476	25.84047619	19.06904762	20.01428571
7.4	27.15238095	20.95952381	25.84047619	36.98888889	34.25685137	39.88095238	6.19047619	21.9047619	6.19047619	39.88095238	27.15238095	20.01428571	20.95952381
7.5	28.46428571	21.9047619	27.15238095	38.54166667	35.63912783	41.5	6.816666667	23.21666667	6.816666667	41.5	28.46428571	20.95952381	21.9047619
7.6	29.77619048	23.21666667	28.46428571	40.09444445	37.02140428	43.11904762	7.442857143	24.52857143	7.442857143	43.11904762	29.77619048	21.9047619	23.21666667
7.7	31.08809524	24.52857143	29.77619048	41.64722223	38.40368074	44.73809524	8.069047619	25.84047619	8.069047619	44.73809524	31.08809524	23.21666667	24.52857143
7.8	32.4	25.84047619	31.08809524	43.2	39.78595719	46.35714286	8.695238095	27.15238095	8.695238095	46.35714286	32.4	24.52857143	25.84047619
7.9	33.71190476	27.15238095	32.4	44.75277778	41.16823365	47.97619048	9.321428571	28.46428571	9.321428571	47.97619048	33.71190476	25.84047619	27.15238095
8	35.02380952	28.46428571	33.71190476	46.30555556	42.79855972	49.5952381	9.947619048	29.77619048	9.947619048	49.5952381	35.02380952	27.15238095	28.46428571
8.1	36.64285714	29.77619048	35.02380952	48.28055556	44.42888578	51.21428571	10.57380952	31.08809524	10.57380952	51.21428571	36.64285714	28.46428571	29.77619048
8.2	38.26190476	31.08809524	36.64285714	50.25555556	46.05921185	52.91904762	11.2	32.4	11.2	52.91904762	38.26190476	29.77619048	31.08809524
8.3	39.88095238	32.4	38.26190476	52.23055556	47.68953791	54.62380952	11.82619048	33.71190476	11.82619048	54.62380952	39.88095238	31.08809524	32.4
8.4	41.5	33.71190476	39.88095238	54.20555556	49.31986398	56.32857143	12.45238095	35.02380952	12.45238095	56.32857143	41.5	32.4	33.71190476
8.5	43.11904762	35.02380952	41.5	56.18055556	50.95019004	58.03333333	13.39761905	36.64285714	13.39761905	58.03333333	43.11904762	33.71190476	35.02380952
8.6	44.73809524	36.64285714	43.11904762	58.15555556	52.58051611	59.73809524	14.34285714	38.26190476	14.34285714	59.73809524	44.73809524	35.02380952	36.64285714
8.7	46.35714286	38.26190476	44.73809524	60.13055556	54.21084217	61.44285714	15.28809524	39.88095238	15.28809524	61.44285714	46.35714286	36.64285714	38.26190476
8.8	47.97619048	39.88095238	46.35714286	62.10555556	55.84116824	63.14761905	16.23333333	41.5	16.23333333	63.14761905	47.97619048	38.26190476	39.88095238
8.9	49.5952381	41.5	47.97619048	64.08055556	57.4714943	64.85238095	17.17857143	43.11904762	17.17857143	64.85238095	49.5952381	39.88095238	41.5
9	51.21428571	43.11904762	49.5952381	66.05555556	59.11582317	66.55714286	18.12380952	44.73809524	18.12380952	66.55714286	51.21428571	41.5	43.11904762
9.1	52.91904762	44.73809524	51.21428571	68.04444445	60.76015203	68.26190476	19.06904762	46.35714286	19.06904762	68.26190476	52.91904762	43.11904762	44.73809524
9.2	54.62380952	46.35714286	52.91904762	70.03333334	62.4044809	69.72380952	20.01428571	47.97619048	20.01428571	69.72380952	54.62380952	44.73809524	46.35714286
9.3	56.32857143	47.97619048	54.62380952	72.02222222	64.04880976	71.18571429	20.95952381	49.5952381	20.95952381	71.18571429	56.32857143	46.35714286	47.97619048
9.4	58.03333333	49.5952381	56.32857143	74.01111111	65.69313863	72.64761905	21.9047619	51.21428571	21.9047619	72.64761905	58.03333333	47.97619048	49.5952381
9.5	59.73809524	51.21428571	58.03333333	76	67.3374675	74.10952381	23.21666667	52.91904762	23.21666667	74.10952381	59.73809524	49.5952381	51.21428571
9.6	61.44285714	52.91904762	59.73809524	77.98888889	68.98179636	75.57142857	24.52857143	54.62380952	24.52857143	75.57142857	61.44285714	51.21428571	52.91904762
9.7	63.14761905	54.62380952	61.44285714	79.97777778	70.62612523	77.03333333	25.84047619	56.32857143	25.84047619	77.03333333	63.14761905	52.91904762	54.62380952
9.8	64.85238095	56.32857143	63.14761905	81.96666666	72.27045409	78.4952381	27.15238095	58.03333333	27.15238095	78.4952381	64.85238095	54.62380952	56.32857143
9.9	66.55714286	58.03333333	64.85238095	83.95555555	73.91478296	79.95714286	28.46428571	59.73809524	28.46428571	79.95714286	66.55714286	56.32857143	58.03333333
10	68.26190476	59.73809524	66.55714286	85.94444444	75.22304461	81.41904762	29.77619048	61.44285714	29.77619048	81.41904762	68.26190476	58.03333333	59.73809524
10.1	69.72380952	61.44285714	68.26190476	87.03611111	76.53130626	82.88095238	31.08809524	63.14761905	31.08809524	82.88095238	69.72380952	59.73809524	61.44285714
10.2	71.18571429	63.14761905	69.72380952	88.12777777	77.83956792	83.88571429	32.4	64.85238095	32.4	83.88571429	71.18571429	61.44285714	63.14761905
10.3	72.64761905	64.85238095	71.18571429	89.21944444	79.14782957	84.89047619	33.71190476	66.55714286	33.71190476	84.89047619	72.64761905	63.14761905	64.85238095
10.4	74.10952381	66.55714286	72.64761905	90.31111111	80.45609122	85.8952381	35.02380952	68.26190476	35.02380952	85.8952381	74.10952381	64.85238095	66.55714286
10.5	75.57142857	68.26190476	74.10952381	91.40277778	81.76435287	86.9	36.64285714	69.72380952	36.64285714	86.9	75.57142857	66.55714286	68.26190476
10.6	77.03333333	69.72380952	75.57142857	92.49444444	83.07261452	87.9047619	38.26190476	71.18571429	38.26190476	87.9047619	77.03333333	68.26190476	69.72380952
10.7	78.4952381	71.18571429	77.03333333	93.58611111	84.38087618	88.90952381	39.88095238	72.64761905	39.88095238	88.90952381	78.4952381	69.72380952	71.18571429
10.8	79.95714286	72.64761905	78.4952381	94.67777778	85.68913783	89.91428571	41.5	74.10952381	41.5	89.91428571	79.95714286	71.18571429	72.64761905
10.9	81.41904762	74.10952381	79.95714286	95.76944444	86.99739948	90.91904762	43.11904762	75.57142857	43.11904762	90.91904762	81.41904762	72.64761905	74.10952381
11	82.88095238	75.57142857	81.41904762	96.86111111	87.78555711	91.92380952	44.73809524	77.03333333	44.73809524	91.92380952	82.88095238	74.10952381	75.57142857
11.1	83.88571429	77.03333333	82.88095238	97.14166667	88.57371474	92.92857143	46.35714286	78.4952381	46.35714286	92.92857143	83.88571429	75.57142857	77.03333333
11.2	84.89047619	78.4952381	83.88571429	97.42222222	89.36187238	93.44285714	47.97619048	79.95714286	47.97619048	93.44285714	84.89047619	77.03333333	78.4952381
11.3	85.8952381	79.95714286	84.89047619	97.70277778	90.15003001	93.95714286	49.5952381	81.41904762	49.5952381	93.95714286	85.8952381	78.4952381	79.95714286
11.4	86.9	81.41904762	85.8952381	97.98333333	90.93818764	94.47142857	51.21428571	82.88095238	51.21428571	94.47142857	86.9	79.95714286	81.41904762
11.5	87.9047619	82.88095238	86.9	98.26388889	91.72634527	94.98571429	52.91904762	83.88571429	52.91904762	94.98571429	87.9047619	81.41904762	82.88095238
11.6	88.90952381	83.88571429	87.9047619	98.54444445	92.5145029	95.5	54.62380952	84.89047619	54.62380952	95.5	88.90952381	82.88095238	83.88571429
11.7	89.91428571	84.89047619	88.90952381	98.825	93.30266054	96.01428571	56.32857143	85.8952381	56.32857143	96.01428571	89.91428571	83.88571429	84.89047619
11.8	90.91904762	85.8952381	89.91428571	99.10555556	94.09081817	96.52857143	58.03333333	86.9	58.03333333	96.52857143	90.91904762	84.89047619	85.8952381
11.9	91.92380952	86.9	90.91904762	99.38611111	94.8789758	97.04285714	59.73809524	87.9047619	59.73809524	97.04285714	91.92380952	85.8952381	86.9
12	92.92857143	87.9047619	91.92380952	99.66666667	95.22704541	97.55714286	61.44285714	88.90952381	61.44285714	97.55714286	92.92857143	86.9	87.9047619
12.1	93.44285714	88.90952381	92.92857143	99.69722223	95.57511503	98.07142857	63.14761905	89.91428571	63.14761905	98.07142857	93.44285714	87.9047619	88.90952381
12.2	93.95714286	89.91428571	93.44285714	99.72777778	95.92318464	98.2547619	64.85238095	90.91904762	64.85238095	98.2547619	93.95714286	88.90952381	89.91428571
12.3	94.47142857	90.91904762	93.95714286	99.75833334	96.27125425	98.43809524	66.55714286	91.92380952	66.55714286	98.43809524	94.47142857	89.91428571	90.91904762
12.4	94.98571429	91.92380952	94.47142857	99.78888889	96.61932387	98.62142857	68.26190476	92.92857143	68.26190476	98.62142857	94.98571429	90.91904762	91.92380952
12.5	95.5	92.92857143	94.98571429	99.81944445	96.96739348	98.8047619	69.72380952	93.44285714	69.72380952	98.8047619	95.5	91.92380952	92.92857143
12.6	96.01428571	93.44285714	95.5	99.85	97.31546309	98.98809524	71.18571429	93.95714286	71.18571429	98.98809524	96.01428571	92.92857143	93.44285714
12.7	96.52857143	93.95714286	96.01428571	99.88055556	97.6635327	99.17142857	72.64761905	94.47142857	72.64761905	99.17142857	96.52857143	93.44285714	93.95714286
12.8	97.04285714	94.47142857	96.52857143	99.91111111	98.01160232	99.3547619	74.10952381	94.98571429	74.10952381	99.3547619	97.04285714	93.95714286	94.47142857
12.9	97.55714286	94.98571429	97.04285714	99.94166667	98.35967193	99.53809524	75.57142857	95.5	75.57142857	99.53809524	97.55714286	94.47142857	94.98571429
13	98.07142857	95.5	97.55714286	99.97222222	98.48569714	99.72142857	77.03333333	96.01428571	77.03333333	99.72142857	98.07142857	94.98571429	95.5
13.1	98.2547619	96.01428571	98.07142857	99.975	98.61172234	99.9047619	78.4952381	96.52857143	78.4952381	99.9047619	98.2547619	95.5	96.01428571
13.2	98.43809524	96.52857143	98.2547619	99.97777778	98.73774755	99.91428571	79.95714286	97.04285714	79.95714286	99.91428571	98.43809524	96.01428571	96.52857143
13.3	98.62142857	97.04285714	98.43809524	99.98055555	98.86377275	99.92380952	81.41904762	97.55714286	81.41904762	99.92380952	98.62142857	96.52857143	97.04285714
13.4	98.8047619	97.55714286	98.62142857	99.98333333	98.98979796	99.93333333	82.88095238	98.07142857	82.88095238	99.93333333	98.8047619	97.04285714	97.55714286
13.5	98.98809524	98.07142857	98.8047619	99.98611111	99.11582316	99.94285714	83.88571429	98.2547619	83.88571429	99.94285714	98.98809524	97.55714286	98.07142857
13.6	99.17142857	98.2547619	98.98809524	99.98888889	99.24184837	99.95238095	84.89047619	98.43809524	84.89047619	99.95238095	99.17142857	98.07142857	98.2547619
13.7	99.3547619	98.43809524	99.17142857	99.99166667	99.36787357	99.96190476	85.8952381	98.62142857	85.8952381	99.96190476	99.3547619	98.2547619	98.43809524
13.8	99.53809524	98.62142857	99.3547619	99.99444444	99.49389878	99.97142857	86.9	98.8047619	86.9	99.97142857	99.53809524	98.43809524	98.62142857
13.9	99.72142857	98.8047619	99.53809524	99.99722222	99.61992398	99.98095238	87.9047619	98.98809524	87.9047619	99.98095238	99.72142857	98.62142857	98.8047619
14	99.9047619	98.98809524	99.72142857	100	99.61992398	99.99047619	88.90952381	99.17142857	88.90952381	99.99047619	99.9047619	98.8047619	98.98809524
14.1	99.91428571	99.17142857	99.9047619	100	99.61992398	100	89.91428571	99.3547619	89.91428571	100	99.91428571	98.98809524	99.17142857
14.2	99.92380952	99.3547619	99.91428571	100	99.61992398	100	90.91904762	99.53809524	90.91904762	100	99.92380952	99.17142857	99.3547619
14.3	99.93333333	99.53809524	99.92380952	100	99.61992398	100	91.92380952	99.72142857	91.92380952	100	99.93333333	99.3547619	99.53809524
14.4	99.94285714	99.72142857	99.93333333	100	99.61992398	100	92.92857143	99.9047619	92.92857143	100	99.94285714	99.53809524	99.72142857
14.5	99.95238095	99.9047619	99.94285714	100	99.61992398	100	93.44285714	99.91428571	93.44285714	100	99.95238095	99.72142857	99.9047619
14.6	99.96190476	99.91428571	99.95238095	100	99.61992398	100	93.95714286	99.92380952	93.95714286	100	99.96190476	99.9047619	99.91428571
14.7	99.97142857	99.92380952	99.96190476	100	99.61992398	100	94.47142857	99.93333333	94.47142857	100	99.97142857	99.91428571	99.92380952
14.8	99.98095238	99.93333333	99.97142857	100	99.61992398	100	94.98571429	99.94285714	94.98571429	100	99.98095238	99.92380952	99.93333333
14.9	99.99047619	99.94285714	99.98095238	100	99.61992398	100	95.5	99.95238095	95.5	100	99.99047619	99.93333333	99.94285714
15	100	99.95238095	99.99047619	100	99.939988	100	96.01428571	99.96190476	96.01428571	100	100	99.94285714	99.95238095
15.1	100	99.96190476	100	100	99.939988	100	96.52857143	99.97142857	96.52857143	100	100	99.95238095	99.96190476
15.2	100	99.97142857	100	100	99.939988	100	97.04285714	99.98095238	97.04285714	100	100	99.96190476	99.97142857
15.3	100	99.98095238	100	100	99.939988	100	97.55714286	99.99047619	97.55714286	100	100	99.97142857	99.98095238
15.4	100	99.99047619	100	100	99.939988	100	98.07142857	100	98.07142857	100	100	99.98095238	99.99047619
15.5	100	100	100	100	99.939988	100	98.2547619	100	98.2547619	100	100	99.99047619	100
15.6	100	100	100	100	99.939988	100	98.43809524	100	98.43809524	100	100	100	100
15.7	100	100	100	100	99.939988	100	98.62142857	100	98.62142857	100	100	100	100
15.8	100	100	100	100	99.939988	100	98.8047619	100	98.8047619	100	100	100	100
15.9	100	100	100	100	99.939988	100	98.98809524	100	98.98809524	100	100	100	100
16	100	100	100	100	100	100	99.17142857	100	99.17142857	100	100	100	100
16.1	100	100	100	100	100	100	99.3547619	100	99.3547619	100	100	100	100
16.2	100	100	100	100	100	100	99.53809524	100	99.53809524	100	100	100	100
16.3	100	100	100	100	100	100	99.72142857	100	99.72142857	100	100	100	100
16.4	100	100	100	100	100	100	99.9047619	100	99.9047619	100	100	100	100
16.5	100	100	100	100	100	100	99.91428571	100	99.91428571	100	100	100	100
16.6	100	100	100	100	100	100	99.92380952	100	99.92380952	100	100	100	100
16.7	100	100	100	100	100	100	99.93333333	100	99.93333333	100	100	100	100
16.8	100	100	100	100	100	100	99.94285714	100	99.94285714	100	100	100	100
16.9	100	100	100	100	100	100	99.95238095	100	99.95238095	100	100	100	100
17	100	100	100	100	99.919984	100	99.96190476	100	99.96190476	100	100	100	100
17.1	100	100	100	100	99.919984	100	99.97142857	100	99.97142857	100	100	100	100
17.2	100	100	100	100	99.919984	100	99.98095238	100	99.98095238	100	100	100	100
17.3	100	100	100	100	99.919984	100	99.99047619	100	99.99047619	100	100	100	100
17.4	100	100	100	100	99.919984	100	100	100	100	100	100	100	100
17.5	100	100	100	100	99.919984	100	100	100	100	100	100	100	100
17.6	100	100	100	100	99.919984	100	100	100	100	100	100	100	100
17.7	100	100	100	100	99.919984	100	100	100	100	100	100	100	100
17.8	100	100	100	100	99.919984	100	100	100	100	100	100	100	100
17.9	100	100	100	100	99.919984	100	100	100	100	100	100	100	100
18	100	100	100	100	99.61992398	0	100	100	100	100	100	100	100
18.1	100	100	100	100	99.61992398	0	100	100	100	100	100	100	100
18.2	100	100	100	100	99.61992398	0	100	100	100	100	100	100	100
18.3	100	100	100	100	99.61992398	0	100	100	100	100	100	100	100
18.4	100	100	100	100	99.61992398	0	100	100	100	100	100	100	100
18.5	100	100	100	100	99.61992398	0	100	100	100	100	100	100	100
18.6	100	100	100	100	99.61992398	0	100	100	100	100	100	100	100
18.7	100	100	100	100	99.61992398	0	100	100	100	100	100	100	100
18.8	100	100	100	100	99.61992398	0	100	100	100	100	100	100	100
18.9	100	100	100	100	99.61992398	0	100	100	100	100	100	100	100
19	100	100	100	100	98.59971994	0	100	100	100	100	100	100	100
19.1	100	100	100	100	98.59971994	0	100	100	100	90	100	100	100
19.2	100	100	100	100	98.59971994	0	100	100	100	80	100	100	100
19.3	100	100	100	100	98.59971994	0	100	100	100	70	100	100	100
19.4	100	100	100	100	98.59971994	0	100	100	100	60	100	100	100
19.5	100	100	100	100	98.59971994	0	100	100	100	50	100	100	100
19.6	100	100	100	100	98.59971994	0	100	100	100	40	100	100	100
19.7	100	100	100	100	98.59971994	0	100	100	100	30	100	100	100
19.8	100	100	100	100	98.59971994	0	100	100	100	20	100	100	100
19.9	100	100	100	100	98.59971994	0	100	100	100	10	100	100	100
20	100	100	100	100	96.67933587	0	100	100	100	0	100	100	100
20.1	100	100	100	100	96.67933587	0	100	100	100	0	100	100	100
20.2	100	100	100	100	96.67933587	0	100	100	100	0	100	100	100
20.3	100	100	100	100	96.67933587	0	100	100	100	0	100	100	100
20.4	100	100	100	100	96.67933587	0	100	100	100	0	100	100	100
20.5	100	100	100	100	96.67933587	0	100	100	100	0	100	100	100
20.6	100	100	100	100	96.67933587	0	100	100	100	0	100	100	100
20.7	100	100	100	100	96.67933587	0	100	100	100	0	100	100	100
20.8	100	100	100	100	96.67933587	0	100	100	100	0	100	100	100
20.9	100	100	100	100	96.67933587	0	100	100	100	0	100	100	100
21	100	100	100	100	93.57871574	0	100	100	100	0	100	100	100
21.1	100	100	100	100	93.57871574	0	100	100	100	0	100	100	100
21.2	100	100	100	100	93.57871574	0	100	100	100	0	100	100	100
21.3	100	100	100	100	93.57871574	0	100	100	100	0	100	100	100
21.4	100	100	100	100	93.57871574	0	100	100	100	0	100	100	100
21.5	100	100	100	100	93.57871574	0	100	100	100	0	100	100	100
21.6	100	100	100	100	93.57871574	0	100	100	100	0	100	100	100
21.7	100	100	100	100	93.57871574	0	100	100	100	0	100	100	100
21.8	100	100	100	100	93.57871574	0	100	100	100	0	100	100	100
21.9	100	100	100	100	93.57871574	0	100	100	100	0	100	100	100
22	100	100	100	100	89.51790358	0	100	100	100	0	100	100	100
22.1	100	100	100	100	89.51790358	0	100	100	100	0	100	100	100
22.2	100	100	100	100	89.51790358	0	100	100	100	0	100	100	100
22.3	100	100	100	100	89.51790358	0	100	100	100	0	100	100	100
22.4	100	100	100	100	89.51790358	0	100	100	100	0	100	100	100
22.5	100	100	100	100	89.51790358	0	100	100	100	0	100	100	100
22.6	100	100	100	100	89.51790358	0	100	100	100	0	100	100	100
22.7	100	100	100	100	89.51790358	0	100	100	100	0	100	100	100
22.8	100	100	100	100	89.51790358	0	100	100	100	0	100	100	100
22.9	100	100	100	100	89.51790358	0	100	100	100	0	100	100	100
23	100	100	100	100	84.9369874	0	100	100	100	0	100	100	100
23.1	100	100	100	100	84.9369874	0	100	100	100	0	100	100	100
23.2	100	100	100	100	84.9369874	0	100	100	100	0	100	100	100
23.3	100	100	100	100	84.9369874	0	100	100	100	0	100	100	100
23.4	100	100	100	100	84.9369874	0	100	100	100	0	100	100	100
23.5	100	100	100	100	84.9369874	0	100	100	100	0	90	100	100
23.6	100	100	100	100	84.9369874	0	100	100	100	0	80	100	100
23.7	100	100	100	100	84.9369874	0	100	100	100	0	70	100	100
23.8	100	100	100	100	84.9369874	0	100	100	100	0	60	100	100
23.9	100	100	100	100	84.9369874	0	100	100	100	0	50	100	100
24	100	100	100	100	80.13602721	0	100	100	100	0	40	100	100
24.1	100	100	100	100	80.13602721	0	100	100	100	0	30	90	90
24.2	100	100	100	100	80.13602721	0	100	100	100	0	20	80	80
24.3	100	100	100	100	80.13602721	0	100	100	100	0	10	70	70
24.4	100	100	100	100	80.13602721	0	100	100	100	0	0	60	60
24.5	100	100	100	100	80.13602721	0	100	100	100	0	0	50	50
24.6	100	100	100	100	80.13602721	0	100	100	100	0	0	40	40
24.7	100	100	100	100	80.13602721	0	100	100	100	0	0	30	30
24.8	100	100	100	100	80.13602721	0	100	100	100	0	0	20	20
24.9	100	100	100	100	80.13602721	0	100	100	100	0	0	10	10
25	100	0	0	0	75	0	100	100	100	0	0	0	0
25.1	100	0	0	0	75	0	100	100	100	0	0	0	0
25.2	100	0	0	0	75	0	100	100	100	0	0	0	0
25.3	100	0	0	0	75	0	100	100	100	0	0	0	0
25.4	100	0	0	0	75	0	100	100	100	0	0	0	0
25.5	100	0	0	0	75	0	100	100	100	0	0	0	0
25.6	100	0	0	0	75	0	100	100	100	0	0	0	0
25.7	100	0	0	0	75	0	100	100	100	0	0	0	0
25.8	100	0	0	0	75	0	100	100	100	0	0	0	0
25.9	100	0	0	0	75	0	100	100	100	0	0	0	0
26	0	0	0	0	75	0	100	100	100	0	0	0	0
26.1	0	0	0	0	75	0	100	100	100	0	0	0	0
26.2	0	0	0	0	75	0	100	100	100	0	0	0	0
26.3	0	0	0	0	75	0	100	100	100	0	0	0	0
26.4	0	0	0	0	75	0	100	0	100	0	0	0	0
26.5	0	0	0	0	75	0	100	0	100	0	0	0	0
26.6	0	0	0	0	0	0	100	0	100	0	0	0	0
26.7	0	0	0	0	0	0	100	0	100	0	0	0	0
26.8	0	0	0	0	0	0	100	0	100	0	0	0	0
26.9	0	0	0	0	0	0	100	0	100	0	0	0	0
27	0	0	0	0	0	0	100	0	100	0	0	0	0
27.1	0	0	0	0	0	0	100	0	100	0	0	0	0
27.2	0	0	0	0	0	0	100	0	100	0	0	0	0
27.3	0	0	0	0	0	0	100	0	100	0	0	0	0
27.4	0	0	0	0	0	0	100	0	100	0	0	0	0
27.5	0	0	0	0	0	0	100	0	100	0	0	0	0
27.6	0	0	0	0	0	0	100	0	100	0	0	0	0
27.7	0	0	0	0	0	0	100	0	100	0	0	0	0
27.8	0	0	0	0	0	0	100	0	100	0	0	0	0
27.9	0	0	0	0	0	0	100	0	100	0	0	0	0
28	0	0	0	0	0	0	100	0	100	0	0	0	0
28.1	0	0	0	0	0	0	100	0	100	0	0	0	0
28.2	0	0	0	0	0	0	100	0	100	0	0	0	0
28.3	0	0	0	0	0	0	100	0	100	0	0	0	0
28.4	0	0	0	0	0	0	100	0	100	0	0	0	0
28.5	0	0	0	0	0	0	100	0	100	0	0	0	0
28.6	0	0	0	0	0	0	100	0	100	0	0	0	0
28.7	0	0	0	0	0	0	100	0	100	0	0	0	0
28.8	0	0	0	0	0	0	100	0	100	0	0	0	0
28.9	0	0	0	0	0	0	100	0	100	0	0	0	0
29	0	0	0	0	0	0	100	0	100	0	0	0	0
29.1	0	0	0	0	0	0	100	0	100	0	0	0	0
29.2	0	0	0	0	0	0	100	0	100	0	0	0	0
29.3	0	0	0	0	0	0	100	0	100	0	0	0	0
29.4	0	0	0	0	0	0	100	0	100	0	0	0	0
29.5	0	0	0	0	0	0	100	0	100	0	0	0	0
29.6	0	0	0	0	0	0	100	0	100	0	0	0	0
29.7	0	0	0	0	0	0	100	0	100	0	0	0	0
29.8	0	0	0	0	0	0	100	0	100	0	0	0	0
29.9	0	0	0	0	0	0	100	0	100	0	0	0	0
30	0	0	0	0	0	0	100	0	100	0	0	0	0
30.1	0	0	0	0	0	0	100	0	100	0	0	0	0
30.2	0	0	0	0	0	0	100	0	100	0	0	0	0
30.3	0	0	0	0	0	0	100	0	100	0	0	0	0
30.4	0	0	0	0	0	0	100	0	100	0	0	0	0
30.5	0	0	0	0	0	0	100	0	100	0	0	0	0
30.6	0	0	0	0	0	0	100	0	95	0	0	0	0
30.7	0	0	0	0	0	0	100	0	90	0	0	0	0
30.8	0	0	0	0	0	0	100	0	85	0	0	0	0
30.9	0	0	0	0	0	0	100	0	80	0	0	0	0
31	0	0	0	0	0	0	100	0	75	0	0	0	0
31.1	0	0	0	0	0	0	100	0	70	0	0	0	0
31.2	0	0	0	0	0	0	100	0	65	0	0	0	0
31.3	0	0	0	0	0	0	100	0	60	0	0	0	0
31.4	0	0	0	0	0	0	0	0	55	0	0	0	0
31.5	0	0	0	0	0	0	0	0	50	0	0	0	0
31.6	0	0	0	0	0	0	0	0	45	0	0	0	0
31.7	0	0	0	0	0	0	0	0	40	0	0	0	0
31.8	0	0	0	0	0	0	0	0	35	0	0	0	0
31.9	0	0	0	0	0	0	0	0	30	0	0	0	0
32	0	0	0	0	0	0	0	0	25	0	0	0	0
32.1	0	0	0	0	0	0	0	0	20	0	0	0	0
32.2	0	0	0	0	0	0	0	0	15	0	0	0	0
32.3	0	0	0	0	0	0	0	0	10	0	0	0	0
32.4	0	0	0	0	0	0	0	0	5	0	0	0	0
32.5	0	0	0	0	0	0	0	0	0	0	0	0	0
32.6	0	0	0	0	0	0	0	0	0	0	0	0	0
32.7	0	0	0	0	0	0	0	0	0	0	0	0	0
32.8	0	0	0	0	0	0	0	0	0	0	0	0	0
32.9	0	0	0	0	0	0	0	0	0	0	0	0	0
33	0	0	0	0	0	0	0	0	0	0	0	0	0
33.1	0	0	0	0	0	0	0	0	0	0	0	0	0
33.2	0	0	0	0	0	0	0	0	0	0	0	0	0
33.3	0	0	0	0	0	0	0	0	0	0	0	0	0
33.4	0	0	0	0	0	0	0	0	0	0	0	0	0
33.5	0	0	0	0	0	0	0	0	0	0	0	0	0
33.6	0	0	0	0	0	0	0	0	0	0	0	0	0
33.7	0	0	0	0	0	0	0	0	0	0	0	0	0
33.8	0	0	0	0	0	0	0	0	0	0	0	0	0
33.9	0	0	0	0	0	0	0	0	0	0	0	0	0
34	0	0	0	0	0	0	0	0	0	0	0	0	0
34.1	0	0	0	0	0	0	0	0	0	0	0	0	0
34.2	0	0	0	0	0	0	0	0	0	0	0	0	0
34.3	0	0	0	0	0	0	0	0	0	0	0	0	0
34.4	0	0	0	0	0	0	0	0	0	0	0	0	0
34.5	0	0	0	0	0	0	0	0	0	0	0	0	0
34.6	0	0	0	0	0	0	0	0	0	0	0	0	0
34.7	0	0	0	0	0	0	0	0	0	0	0	0	0
34.8	0	0	0	0	0	0	0	0	0	0	0	0	0
34.9	0	0	0	0	0	0	0	0	0	0	0	0	0
35	0	0	0	0	0	0	0	0	0	0	0	0	0
35.1	0	0	0	0	0	0	0	0	0	0	0	0	0
35.2	0	0	0	0	0	0	0	0	0	0	0	0	0
35.3	0	0	0	0	0	0	0	0	0	0	0	0	0
35.4	0	0	0	0	0	0	0	0	0	0	0	0	0
35.5	0	0	0	0	0	0	0	0	0	0	0	0	0
35.6	0	0	0	0	0	0	0	0	0	0	0	0	0
35.7	0	0	0	0	0	0	0	0	0	0	0	0	0
35.8	0	0	0	0	0	0	0	0	0	0	0	0	0
35.9	0	0	0	0	0	0	0	0	0	0	0	0	0
36	0	0	0	0	0	0	0	0	0	0	0	0	0
36.1	0	0	0	0	0	0	0	0	0	0	0	0	0
36.2	0	0	0	0	0	0	0	0	0	0	0	0	0
36.3	0	0	0	0	0	0	0	0	0	0	0	0	0
36.4	0	0	0	0	0	0	0	0	0	0	0	0	0
36.5	0	0	0	0	0	0	0	0	0	0	0	0	0
36.6	0	0	0	0	0	0	0	0	0	0	0	0	0
36.7	0	0	0	0	0	0	0	0	0	0	0	0	0
36.8	0	0	0	0	0	0	0	0	0	0	0	0	0
36.9	0	0	0	0	0	0	0	0	0	0	0	0	0
37	0	0	0	0	0	0	0	0	0	0	0	0	0
37.1	0	0	0	0	0	0	0	0	0	0	0	0	0
37.2	0	0	0	0	0	0	0	0	0	0	0	0	0
37.3	0	0	0	0	0	0	0	0	0	0	0	0	0
37.4	0	0	0	0	0	0	0	0	0	0	0	0	0
37.5	0	0	0	0	0	0	0	0	0	0	0	0	0
37.6	0	0	0	0	0	0	0	0	0	0	0	0	0
37.7	0	0	0	0	0	0	0	0	0	0	0	0	0
37.8	0	0	0	0	0	0	0	0	0	0	0	0	0
37.9	0	0	0	0	0	0	0	0	0	0	0	0	0
38	0	0	0	0	0	0	0	0	0	0	0	0	0
38.1	0	0	0	0	0	0	0	0	0	0	0	0	0
38.2	0	0	0	0	0	0	0	0	0	0	0	0	0
38.3	0	0	0	0	0	0	0	0	0	0	0	0	0
38.4	0	0	0	0	0	0	0	0	0	0	0	0	0
38.5	0	0	0	0	0	0	0	0	0	0	0	0	0
38.6	0	0	0	0	0	0	0	0	0	0	0	0	0
38.7	0	0	0	0	0	0	0	0	0	0	0	0	0
38.8	0	0	0	0	0	0	0	0	0	0	0	0	0
38.9	0	0	0	0	0	0	0	0	0	0	0	0	0
39	0	0	0	0	0	0	0	0	0	0	0	0	0
39.1	0	0	0	0	0	0	0	0	0	0	0	0	0
39.2	0	0	0	0	0	0	0	0	0	0	0	0	0
39.3	0	0	0	0	0	0	0	0	0	0	0	0	0
39.4	0	0	0	0	0	0	0	0	0	0	0	0	0
39.5	0	0	0	0	0	0	0	0	0	0	0	0	0
39.6	0	0	0	0	0	0	0	0	0	0	0	0	0
39.7	0	0	0	0	0	0	0	0	0	0	0	0	0
39.8	0	0	0	0	0	0	0	0	0	0	0	0	0
39.9	0	0	0	0	0	0	0	0	0	0	0	0	0
40	0	0	0	0	0	0	0	0	0	0	0	0	0
40.1	0	0	0	0	0	0	0	0	0	0	0	0	0
40.2	0	0	0	0	0	0	0	0	0	0	0	0	0
40.3	0	0	0	0	0	0	0	0	0	0	0	0	0
40.4	0	0	0	0	0	0	0	0	0	0	0	0	0
40.5	0	0	0	0	0	0	0	0	0	0	0	0	0
40.6	0	0	0	0	0	0	0	0	0	0	0	0	0
40.7	0	0	0	0	0	0	0	0	0	0	0	0	0
40.8	0	0	0	0	0	0	0	0	0	0	0	0	0
40.9	0	0	0	0	0	0	0	0	0	0	0	0	0
41	0	0	0	0	0	0	0	0	0	0	0	0	0
41.1	0	0	0	0	0	0	0	0	0	0	0	0	0
41.2	0	0	0	0	0	0	0	0	0	0	0	0	0
41.3	0	0	0	0	0	0	0	0	0	0	0	0	0
41.4	0	0	0	0	0	0	0	0	0	0	0	0	0
41.5	0	0	0	0	0	0	0	0	0	0	0	0	0
41.6	0	0	0	0	0	0	0	0	0	0	0	0	0
41.7	0	0	0	0	0	0	0	0	0	0	0	0	0
41.8	0	0	0	0	0	0	0	0	0	0	0	0	0
41.9	0	0	0	0	0	0	0	0	0	0	0	0	0
42	0	0	0	0	0	0	0	0	0	0	0	0	0
42.1	0	0	0	0	0	0	0	0	0	0	0	0	0
42.2	0	0	0	0	0	0	0	0	0	0	0	0	0
42.3	0	0	0	0	0	0	0	0	0	0	0	0	0
42.4	0	0	0	0	0	0	0	0	0	0	0	0	0
42.5	0	0	0	0	0	0	0	0	0	0	0	0	0
42.6	0	0	0	0	0	0	0	0	0	0	0	0	0
42.7	0	0	0	0	0	0	0	0	0	0	0	0	0
42.8	0	0	0	0	0	0	0	0	0	0	0	0	0
42.9	0	0	0	0	0	0	0	0	0	0	0	0	0
43	0	0	0	0	0	0	0	0	0	0	0	0	0
43.1	0	0	0	0	0	0	0	0	0	0	0	0	0
43.2	0	0	0	0	0	0	0	0	0	0	0	0	0
43.3	0	0	0	0	0	0	0	0	0	0	0	0	0
43.4	0	0	0	0	0	0	0	0	0	0	0	0	0
43.5	0	0	0	0	0	0	0	0	0	0	0	0	0
43.6	0	0	0	0	0	0	0	0	0	0	0	0	0
43.7	0	0	0	0	0	0	0	0	0	0	0	0	0
43.8	0	0	0	0	0	0	0	0	0	0	0	0	0
43.9	0	0	0	0	0	0	0	0	0	0	0	0	0
44	0	0	0	0	0	0	0	0	0	0	0	0	0
44.1	0	0	0	0	0	0	0	0	0	0	0	0	0
44.2	0	0	0	0	0	0	0	0	0	0	0	0	0
44.3	0	0	0	0	0	0	0	0	0	0	0	0	0
44.4	0	0	0	0	0	0	0	0	0	0	0	0	0
44.5	0	0	0	0	0	0	0	0	0	0	0	0	0
44.6	0	0	0	0	0	0	0	0	0	0	0	0	0
44.7	0	0	0	0	0	0	0	0	0	0	0	0	0
44.8	0	0	0	0	0	0	0	0	0	0	0	0	0
44.9	0	0	0	0	0	0	0	0	0	0	0	0	0
45	0	0	0	0	0	0	0	0	0	0	0	0	0
45.1	0	0	0	0	0	0	0	0	0	0	0	0	0
45.2	0	0	0	0	0	0	0	0	0	0	0	0	0
45.3	0	0	0	0	0	0	0	0	0	0	0	0	0
45.4	0	0	0	0	0	0	0	0	0	0	0	0	0
45.5	0	0	0	0	0	0	0	0	0	0	0	0	0
45.6	0	0	0	0	0	0	0	0	0	0	0	0	0
45.7	0	0	0	0	0	0	0	0	0	0	0	0	0
45.8	0	0	0	0	0	0	0	0	0	0	0	0	0
45.9	0	0	0	0	0	0	0	0	0	0	0	0	0
46	0	0	0	0	0	0	0	0	0	0	0	0	0
46.1	0	0	0	0	0	0	0	0	0	0	0	0	0
46.2	0	0	0	0	0	0	0	0	0	0	0	0	0
46.3	0	0	0	0	0	0	0	0	0	0	0	0	0
46.4	0	0	0	0	0	0	0	0	0	0	0	0	0
46.5	0	0	0	0	0	0	0	0	0	0	0	0	0
46.6	0	0	0	0	0	0	0	0	0	0	0	0	0
46.7	0	0	0	0	0	0	0	0	0	0	0	0	0
46.8	0	0	0	0	0	0	0	0	0	0	0	0	0
46.9	0	0	0	0	0	0	0	0	0	0	0	0	0
47	0	0	0	0	0	0	0	0	0	0	0	0	0
47.1	0	0	0	0	0	0	0	0	0	0	0	0	0
47.2	0	0	0	0	0	0	0	0	0	0	0	0	0
47.3	0	0	0	0	0	0	0	0	0	0	0	0	0
47.4	0	0	0	0	0	0	0	0	0	0	0	0	0
47.5	0	0	0	0	0	0	0	0	0	0	0	0	0
47.6	0	0	0	0	0	0	0	0	0	0	0	0	0
47.7	0	0	0	0	0	0	0	0	0	0	0	0	0
47.8	0	0	0	0	0	0	0	0	0	0	0	0	0
47.9	0	0	0	0	0	0	0	0	0	0	0	0	0
48	0	0	0	0	0	0	0	0	0	0	0	0	0
48.1	0	0	0	0	0	0	0	0	0	0	0	0	0
48.2	0	0	0	0	0	0	0	0	0	0	0	0	0
48.3	0	0	0	0	0	0	0	0	0	0	0	0	0
48.4	0	0	0	0	0	0	0	0	0	0	0	0	0
48.5	0	0	0	0	0	0	0	0	0	0	0	0	0
48.6	0	0	0	0	0	0	0	0	0	0	0	0	0
48.7	0	0	0	0	0	0	0	0	0	0	0	0	0
48.8	0	0	0	0	0	0	0	0	0	0	0	0	0
48.9	0	0	0	0	0	0	0	0	0	0	0	0	0
49	0	0	0	0	0	0	0	0	0	0	0	0	0
49.1	0	0	0	0	0	0	0	0	0	0	0	0	0
49.2	0	0	0	0	0	0	0	0	0	0	0	0	0
49.3	0	0	0	0	0	0	0	0	0	0	0	0	0
49.4	0	0	0	0	0	0	0	0	0	0	0	0	0
49.5	0	0	0	0	0	0	0	0	0	0	0	0	0
49.6	0	0	0	0	0	0	0	0	0	0	0	0	0
49.7	0	0	0	0	0	0	0	0	0	0	0	0	0
49.8	0	0	0	0	0	0	0	0	0	0	0	0	0
49.9	0	0	0	0	0	0	0	0	0	0	0	0	0
50	0	0	0	0	0	0	0	0	0	0	0	0	0
50.1	0	0	0	0	0	0	0	0	0	0	0	0	0
50.2	0	0	0	0	0	0	0	0	0	0	0	0	0
50.3	0	0	0	0	0	0	0	0	0	0	0	0	0
50.4	0	0	0	0	0	0	0	0	0	0	0	0	0
50.5	0	0	0	0	0	0	0	0	0	0	0	0	0
50.6	0	0	0	0	0	0	0	0	0	0	0	0	0
50.7	0	0	0	0	0	0	0	0	0	0	0	0	0
50.8	0	0	0	0	0	0	0	0	0	0	0	0	0
50.9	0	0	0	0	0	0	0	0	0	0	0	0	0
51	0	0	0	0	0	0	0	0	0	0	0	0	0
51.1	0	0	0	0	0	0	0	0	0	0	0	0	0
51.2	0	0	0	0	0	0	0	0	0	0	0	0	0
51.3	0	0	0	0	0	0	0	0	0	0	0	0	0
51.4	0	0	0	0	0	0	0	0	0	0	0	0	0
51.5	0	0	0	0	0	0	0	0	0	0	0	0	0
51.6	0	0	0	0	0	0	0	0	0	0	0	0	0
51.7	0	0	0	0	0	0	0	0	0	0	0	0	0
51.8	0	0	0	0	0	0	0	0	0	0	0	0	0
51.9	0	0	0	0	0	0	0	0	0	0	0	0	0
52	0	0	0	0	0	0	0	0	0	0	0	0	0
52.1	0	0	0	0	0	0	0	0	0	0	0	0	0
52.2	0	0	0	0	0	0	0	0	0	0	0	0	0
52.3	0	0	0	0	0	0	0	0	0	0	0	0	0
52.4	0	0	0	0	0	0	0	0	0	0	0	0	0
52.5	0	0	0	0	0	0	0	0	0	0	0	0	0
52.6	0	0	0	0	0	0	0	0	0	0	0	0	0
52.7	0	0	0	0	0	0	0	0	0	0	0	0	0
52.8	0	0	0	0	0	0	0	0	0	0	0	0	0
52.9	0	0	0	0	0	0	0	0	0	0	0	0	0
53	0	0	0	0	0	0	0	0	0	0	0	0	0
53.1	0	0	0	0	0	0	0	0	0	0	0	0	0
53.2	0	0	0	0	0	0	0	0	0	0	0	0	0
53.3	0	0	0	0	0	0	0	0	0	0	0	0	0
53.4	0	0	0	0	0	0	0	0	0	0	0	0	0
53.5	0	0	0	0	0	0	0	0	0	0	0	0	0
53.6	0	0	0	0	0	0	0	0	0	0	0	0	0
53.7	0	0	0	0	0	0	0	0	0	0	0	0	0
53.8	0	0	0	0	0	0	0	0	0	0	0	0	0
53.9	0	0	0	0	0	0	0	0	0	0	0	0	0
54	0	0	0	0	0	0	0	0	0	0	0	0	0
54.1	0	0	0	0	0	0	0	0	0	0	0	0	0
54.2	0	0	0	0	0	0	0	0	0	0	0	0	0
54.3	0	0	0	0	0	0	0	0	0	0	0	0	0
54.4	0	0	0	0	0	0	0	0	0	0	0	0	0
54.5	0	0	0	0	0	0	0	0	0	0	0	0	0
54.6	0	0	0	0	0	0	0	0	0	0	0	0	0
54.7	0	0	0	0	0	0	0	0	0	0	0	0	0
54.8	0	0	0	0	0	0	0	0	0	0	0	0	0
54.9	0	0	0	0	0	0	0	0	0	0	0	0	0
55	0	0	0	0	0	0	0	0	0	0	0	0	0
55.1	0	0	0	0	0	0	0	0	0	0	0	0	0
55.2	0	0	0	0	0	0	0	0	0	0	0	0	0
55.3	0	0	0	0	0	0	0	0	0	0	0	0	0
55.4	0	0	0	0	0	0	0	0	0	0	0	0	0
55.5	0	0	0	0	0	0	0	0	0	0	0	0	0
55.6	0	0	0	0	0	0	0	0	0	0	0	0	0
55.7	0	0	0	0	0	0	0	0	0	0	0	0	0
55.8	0	0	0	0	0	0	0	0	0	0	0	0	0
55.9	0	0	0	0	0	0	0	0	0	0	0	0	0
56	0	0	0	0	0	0	0	0	0	0	0	0	0
56.1	0	0	0	0	0	0	0	0	0	0	0	0	0
56.2	0	0	0	0	0	0	0	0	0	0	0	0	0
56.3	0	0	0	0	0	0	0	0	0	0	0	0	0
56.4	0	0	0	0	0	0	0	0	0	0	0	0	0
56.5	0	0	0	0	0	0	0	0	0	0	0	0	0
56.6	0	0	0	0	0	0	0	0	0	0	0	0	0
56.7	0	0	0	0	0	0	0	0	0	0	0	0	0
56.8	0	0	0	0	0	0	0	0	0	0	0	0	0
56.9	0	0	0	0	0	0	0	0	0	0	0	0	0
57	0	0	0	0	0	0	0	0	0	0	0	0	0
57.1	0	0	0	0	0	0	0	0	0	0	0	0	0
57.2	0	0	0	0	0	0	0	0	0	0	0	0	0
57.3	0	0	0	0	0	0	0	0	0	0	0	0	0
57.4	0	0	0	0	0	0	0	0	0	0	0	0	0
57.5	0	0	0	0	0	0	0	0	0	0	0	0	0
57.6	0	0	0	0	0	0	0	0	0	0	0	0	0
57.7	0	0	0	0	0	0	0	0	0	0	0	0	0
57.8	0	0	0	0	0	0	0	0	0	0	0	0	0
57.9	0	0	0	0	0	0	0	0	0	0	0	0	0
58	0	0	0	0	0	0	0	0	0	0	0	0	0
58.1	0	0	0	0	0	0	0	0	0	0	0	0	0
58.2	0	0	0	0	0	0	0	0	0	0	0	0	0
58.3	0	0	0	0	0	0	0	0	0	0	0	0	0
58.4	0	0	0	0	0	0	0	0	0	0	0	0	0
58.5	0	0	0	0	0	0	0	0	0	0	0	0	0
58.6	0	0	0	0	0	0	0	0	0	0	0	0	0
58.7	0	0	0	0	0	0	0	0	0	0	0	0	0
58.8	0	0	0	0	0	0	0	0	0	0	0	0	0
58.9	0	0	0	0	0	0	0	0	0	0	0	0	0
59	0	0	0	0	0	0	0	0	0	0	0	0	0
59.1	0	0	0	0	0	0	0	0	0	0	0	0	0
59.2	0	0	0	0	0	0	0	0	0	0	0	0	0
59.3	0	0	0	0	0	0	0	0	0	0	0	0	0
59.4	0	0	0	0	0	0	0	0	0	0	0	0	0
59.5	0	0	0	0	0	0	0	0	0	0	0	0	0
59.6	0	0	0	0	0	0	0	0	0	0	0	0	0
59.7	0	0	0	0	0	0	0	0	0	0	0	0	0
59.8	0	0	0	0	0	0	0	0	0	0	0	0	0
59.9	0	0	0	0	0	0	0	0	0	0	0	0	0
60	0	0	0	0	0	0	0	0	0	0	0	0	0
60.1	0	0	0	0	0	0	0	0	0	0	0	0	0
60.2	0	0	0	0	0	0	0	0	0	0	0	0	0
60.3	0	0	0	0	0	0	0	0	0	0	0	0	0
60.4	0	0	0	0	0	0	0	0	0	0	0	0	0
60.5	0	0	0	0	0	0	0	0	0	0	0	0	0
60.6	0	0	0	0	0	0	0	0	0	0	0	0	0
60.7	0	0	0	0	0	0	0	0	0	0	0	0	0
60.8	0	0	0	0	0	0	0	0	0	0	0	0	0
60.9	0	0	0	0	0	0	0	0	0	0	0	0	0
61	0	0	0	0	0	0	0	0	0	0	0	0	0
61.1	0	0	0	0	0	0	0	0	0	0	0	0	0
61.2	0	0	0	0	0	0	0	0	0	0	0	0	0
61.3	0	0	0	0	0	0	0	0	0	0	0	0	0
61.4	0	0	0	0	0	0	0	0	0	0	0	0	0
61.5	0	0	0	0	0	0	0	0	0	0	0	0	0
61.6	0	0	0	0	0	0	0	0	0	0	0	0	0
61.7	0	0	0	0	0	0	0	0	0	0	0	0	0
61.8	0	0	0	0	0	0	0	0	0	0	0	0	0
61.9	0	0	0	0	0	0	0	0	0	0	0	0	0
62	0	0	0	0	0	0	0	0	0	0	0	0	0
62.1	0	0	0	0	0	0	0	0	0	0	0	0	0
62.2	0	0	0	0	0	0	0	0	0	0	0	0	0
62.3	0	0	0	0	0	0	0	0	0	0	0	0	0
62.4	0	0	0	0	0	0	0	0	0	0	0	0	0
62.5	0	0	0	0	0	0	0	0	0	0	0	0	0
62.6	0	0	0	0	0	0	0	0	0	0	0	0	0
62.7	0	0	0	0	0	0	0	0	0	0	0	0	0
62.8	0	0	0	0	0	0	0	0	0	0	0	0	0
62.9	0	0	0	0	0	0	0	0	0	0	0	0	0
63	0	0	0	0	0	0	0	0	0	0	0	0	0
63.1	0	0	0	0	0	0	0	0	0	0	0	0	0
63.2	0	0	0	0	0	0	0	0	0	0	0	0	0
63.3	0	0	0	0	0	0	0	0	0	0	0	0	0
63.4	0	0	0	0	0	0	0	0	0	0	0	0	0
63.5	0	0	0	0	0	0	0	0	0	0	0	0	0
63.6	0	0	0	0	0	0	0	0	0	0	0	0	0
63.7	0	0	0	0	0	0	0	0	0	0	0	0	0
63.8	0	0	0	0	0	0	0	0	0	0	0	0	0
63.9	0	0	0	0	0	0	0	0	0	0	0	0	0
64	0	0	0	0	0	0	0	0	0	0	0	0	0
64.1	0	0	0	0	0	0	0	0	0	0	0	0	0
64.2	0	0	0	0	0	0	0	0	0	0	0	0	0
64.3	0	0	0	0	0	0	0	0	0	0	0	0	0
64.4	0	0	0	0	0	0	0	0	0	0	0	0	0
64.5	0	0	0	0	0	0	0	0	0	0	0	0	0
64.6	0	0	0	0	0	0	0	0	0	0	0	0	0
64.7	0	0	0	0	0	0	0	0	0	0	0	0	0
64.8	0	0	0	0	0	0	0	0	0	0	0	0	0
64.9	0	0	0	0	0	0	0	0	0	0	0	0	0
65	0	0	0	0	0	0	0	0	0	0	0	0	0
65.1	0	0	0	0	0	0	0	0	0	0	0	0	0
65.2	0	0	0	0	0	0	0	0	0	0	0	0	0
65.3	0	0	0	0	0	0	0	0	0	0	0	0	0
65.4	0	0	0	0	0	0	0	0	0	0	0	0	0
65.5	0	0	0	0	0	0	0	0	0	0	0	0	0
65.6	0	0	0	0	0	0	0	0	0	0	0	0	0
65.7	0	0	0	0	0	0	0	0	0	0	0	0	0
65.8	0	0	0	0	0	0	0	0	0	0	0	0	0
65.9	0	0	0	0	0	0	0	0	0	0	0	0	0
66	0	0	0	0	0	0	0	0	0	0	0	0	0
66.1	0	0	0	0	0	0	0	0	0	0	0	0	0
66.2	0	0	0	0	0	0	0	0	0	0	0	0	0
66.3	0	0	0	0	0	0	0	0	0	0	0	0	0
66.4	0	0	0	0	0	0	0	0	0	0	0	0	0
66.5	0	0	0	0	0	0	0	0	0	0	0	0	0
66.6	0	0	0	0	0	0	0	0	0	0	0	0	0
66.7	0	0	0	0	0	0	0	0	0	0	0	0	0
66.8	0	0	0	0	0	0	0	0	0	0	0	0	0
66.9	0	0	0	0	0	0	0	0	0	0	0	0	0
67	0	0	0	0	0	0	0	0	0	0	0	0	0
67.1	0	0	0	0	0	0	0	0	0	0	0	0	0
67.2	0	0	0	0	0	0	0	0	0	0	0	0	0
67.3	0	0	0	0	0	0	0	0	0	0	0	0	0
67.4	0	0	0	0	0	0	0	0	0	0	0	0	0
67.5	0	0	0	0	0	0	0	0	0	0	0	0	0
67.6	0	0	0	0	0	0	0	0	0	0	0	0	0
67.7	0	0	0	0	0	0	0	0	0	0	0	0	0
67.8	0	0	0	0	0	0	0	0	0	0	0	0	0
67.9	0	0	0	0	0	0	0	0	0	0	0	0	0
68	0	0	0	0	0	0	0	0	0	0	0	0	0
68.1	0	0	0	0	0	0	0	0	0	0	0	0	0
68.2	0	0	0	0	0	0	0	0	0	0	0	0	0
68.3	0	0	0	0	0	0	0	0	0	0	0	0	0
68.4	0	0	0	0	0	0	0	0	0	0	0	0	0
68.5	0	0	0	0	0	0	0	0	0	0	0	0	0
68.6	0	0	0	0	0	0	0	0	0	0	0	0	0
68.7	0	0	0	0	0	0	0	0	0	0	0	0	0
68.8	0	0	0	0	0	0	0	0	0	0	0	0	0
68.9	0	0	0	0	0	0	0	0	0	0	0	0	0
69	0	0	0	0	0	0	0	0	0	0	0	0	0
69.1	0	0	0	0	0	0	0	0	0	0	0	0	0
69.2	0	0	0	0	0	0	0	0	0	0	0	0	0
69.3	0	0	0	0	0	0	0	0	0	0	0	0	0
69.4	0	0	0	0	0	0	0	0	0	0	0	0	0
69.5	0	0	0	0	0	0	0	0	0	0	0	0	0
69.6	0	0	0	0	0	0	0	0	0	0	0	0	0
69.7	0	0	0	0	0	0	0	0	0	0	0	0	0
69.8	0	0	0	0	0	0	0	0	0	0	0	0	0
69.9	0	0	0	0	0	0	0	0	0	0	0	0	0
70	0	0	0	0	0	0	0	0	0	0	0	0	0
70.1	0	0	0	0	0	0	0	0	0	0	0	0	0
70.2	0	0	0	0	0	0	0	0	0	0	0	0	0
70.3	0	0	0	0	0	0	0	0	0	0	0	0	0
70.4	0	0	0	0	0	0	0	0	0	0	0	0	0
70.5	0	0	0	0	0	0	0	0	0	0	0	0	0
70.6	0	0	0	0	0	0	0	0	0	0	0	0	0
70.7	0	0	0	0	0	0	0	0	0	0	0	0	0
70.8	0	0	0	0	0	0	0	0	0	0	0	0	0
70.9	0	0	0	0	0	0	0	0	0	0	0	0	0
71	0	0	0	0	0	0	0	0	0	0	0	0	0
71.1	0	0	0	0	0	0	0	0	0	0	0	0	0
71.2	0	0	0	0	0	0	0	0	0	0	0	0	0
71.3	0	0	0	0	0	0	0	0	0	0	0	0	0
71.4	0	0	0	0	0	0	0	0	0	0	0	0	0
71.5	0	0	0	0	0	0	0	0	0	0	0	0	0
71.6	0	0	0	0	0	0	0	0	0	0	0	0	0
71.7	0	0	0	0	0	0	0	0	0	0	0	0	0
71.8	0	0	0	0	0	0	0	0	0	0	0	0	0
71.9	0	0	0	0	0	0	0	0	0	0	0	0	0
72	0	0	0	0	0	0	0	0	0	0	0	0	0
72.1	0	0	0	0	0	0	0	0	0	0	0	0	0
72.2	0	0	0	0	0	0	0	0	0	0	0	0	0
72.3	0	0	0	0	0	0	0	0	0	0	0	0	0
72.4	0	0	0	0	0	0	0	0	0	0	0	0	0
72.5	0	0	0	0	0	0	0	0	0	0	0	0	0
72.6	0	0	0	0	0	0	0	0	0	0	0	0	0
72.7	0	0	0	0	0	0	0	0	0	0	0	0	0
72.8	0	0	0	0	0	0	0	0	0	0	0	0	0
72.9	0	0	0	0	0	0	0	0	0	0	0	0	0
73	0	0	0	0	0	0	0	0	0	0	0	0	0
73.1	0	0	0	0	0	0	0	0	0	0	0	0	0
73.2	0	0	0	0	0	0	0	0	0	0	0	0	0
73.3	0	0	0	0	0	0	0	0	0	0	0	0	0
73.4	0	0	0	0	0	0	0	0	0	0	0	0	0
73.5	0	0	0	0	0	0	0	0	0	0	0	0	0
73.6	0	0	0	0	0	0	0	0	0	0	0	0	0
73.7	0	0	0	0	0	0	0	0	0	0	0	0	0
73.8	0	0	0	0	0	0	0	0	0	0	0	0	0
73.9	0	0	0	0	0	0	0	0	0	0	0	0	0
74	0	0	0	0	0	0	0	0	0	0	0	0	0
74.1	0	0	0	0	0	0	0	0	0	0	0	0	0
74.2	0	0	0	0	0	0	0	0	0	0	0	0	0
74.3	0	0	0	0	0	0	0	0	0	0	0	0	0
74.4	0	0	0	0	0	0	0	0	0	0	0	0	0
74.5	0	0	0	0	0	0	0	0	0	0	0	0	0
74.6	0	0	0	0	0	0	0	0	0	0	0	0	0
74.7	0	0	0	0	0	0	0	0	0	0	0	0	0
74.8	0	0	0	0	0	0	0	0	0	0	0	0	0
74.9	0	0	0	0	0	0	0	0	0	0	0	0	0
75	0	0	0	0	0	0	0	0	0	0	0	0	0
75.1	0	0	0	0	0	0	0	0	0	0	0	0	0
75.2	0	0	0	0	0	0	0	0	0	0	0	0	0
75.3	0	0	0	0	0	0	0	0	0	0	0	0	0
75.4	0	0	0	0	0	0	0	0	0	0	0	0	0
75.5	0	0	0	0	0	0	0	0	0	0	0	0	0
75.6	0	0	0	0	0	0	0	0	0	0	0	0	0
75.7	0	0	0	0	0	0	0	0	0	0	0	0	0
75.8	0	0	0	0	0	0	0	0	0	0	0	0	0
75.9	0	0	0	0	0	0	0	0	0	0	0	0	0
76	0	0	0	0	0	0	0	0	0	0	0	0	0
76.1	0	0	0	0	0	0	0	0	0	0	0	0	0
76.2	0	0	0	0	0	0	0	0	0	0	0	0	0
76.3	0	0	0	0	0	0	0	0	0	0	0	0	0
76.4	0	0	0	0	0	0	0	0	0	0	0	0	0
76.5	0	0	0	0	0	0	0	0	0	0	0	0	0
76.6	0	0	0	0	0	0	0	0	0	0	0	0	0
76.7	0	0	0	0	0	0	0	0	0	0	0	0	0
76.8	0	0	0	0	0	0	0	0	0	0	0	0	0
76.9	0	0	0	0	0	0	0	0	0	0	0	0	0
77	0	0	0	0	0	0	0	0	0	0	0	0	0
77.1	0	0	0	0	0	0	0	0	0	0	0	0	0
77.2	0	0	0	0	0	0	0	0	0	0	0	0	0
77.3	0	0	0	0	0	0	0	0	0	0	0	0	0
77.4	0	0	0	0	0	0	0	0	0	0	0	0	0
77.5	0	0	0	0	0	0	0	0	0	0	0	0	0
77.6	0	0	0	0	0	0	0	0	0	0	0	0	0
77.7	0	0	0	0	0	0	0	0	0	0	0	0	0
77.8	0	0	0	0	0	0	0	0	0	0	0	0	0
77.9	0	0	0	0	0	0	0	0	0	0	0	0	0
78	0	0	0	0	0	0	0	0	0	0	0	0	0
78.1	0	0	0	0	0	0	0	0	0	0	0	0	0
78.2	0	0	0	0	0	0	0	0	0	0	0	0	0
78.3	0	0	0	0	0	0	0	0	0	0	0	0	0
78.4	0	0	0	0	0	0	0	0	0	0	0	0	0
78.5	0	0	0	0	0	0	0	0	0	0	0	0	0
78.6	0	0	0	0	0	0	0	0	0	0	0	0	0
78.7	0	0	0	0	0	0	0	0	0	0	0	0	0
78.8	0	0	0	0	0	0	0	0	0	0	0	0	0
78.9	0	0	0	0	0	0	0	0	0	0	0	0	0
79	0	0	0	0	0	0	0	0	0	0	0	0	0
79.1	0	0	0	0	0	0	0	0	0	0	0	0	0
79.2	0	0	0	0	0	0	0	0	0	0	0	0	0
79.3	0	0	0	0	0	0	0	0	0	0	0	0	0
79.4	0	0	0	0	0	0	0	0	0	0	0	0	0
79.5	0	0	0	0	0	0	0	0	0	0	0	0	0
79.6	0	0	0	0	0	0	0	0	0	0	0	0	0
79.7	0	0	0	0	0	0	0	0	0	0	0	0	0
79.8	0	0	0	0	0	0	0	0	0	0	0	0	0
79.9	0	0	0	0	0	0	0	0	0	0	0	0	0
80	0	0	0	0	0	0	0	0	0	0	0	0	0
80.1	0	0	0	0	0	0	0	0	0	0	0	0	0
80.2	0	0	0	0	0	0	0	0	0	0	0	0	0
80.3	0	0	0	0	0	0	0	0	0	0	0	0	0
80.4	0	0	0	0	0	0	0	0	0	0	0	0	0
80.5	0	0	0	0	0	0	0	0	0	0	0	0	0
80.6	0	0	0	0	0	0	0	0	0	0	0	0	0
80.7	0	0	0	0	0	0	0	0	0	0	0	0	0
80.8	0	0	0	0	0	0	0	0	0	0	0	0	0
80.9	0	0	0	0	0	0	0	0	0	0	0	0	0
81	0	0	0	0	0	0	0	0	0	0	0	0	0
81.1	0	0	0	0	0	0	0	0	0	0	0	0	0
81.2	0	0	0	0	0	0	0	0	0	0	0	0	0
81.3	0	0	0	0	0	0	0	0	0	0	0	0	0
81.4	0	0	0	0	0	0	0	0	0	0	0	0	0
81.5	0	0	0	0	0	0	0	0	0	0	0	0	0
81.6	0	0	0	0	0	0	0	0	0	0	0	0	0
81.7	0	0	0	0	0	0	0	0	0	0	0	0	0
81.8	0	0	0	0	0	0	0	0	0	0	0	0	0
81.9	0	0	0	0	0	0	0	0	0	0	0	0	0
82	0	0	0	0	0	0	0	0	0	0	0	0	0
82.1	0	0	0	0	0	0	0	0	0	0	0	0	0
82.2	0	0	0	0	0	0	0	0	0	0	0	0	0
82.3	0	0	0	0	0	0	0	0	0	0	0	0	0
82.4	0	0	0	0	0	0	0	0	0	0	0	0	0
82.5	0	0	0	0	0	0	0	0	0	0	0	0	0
82.6	0	0	0	0	0	0	0	0	0	0	0	0	0
82.7	0	0	0	0	0	0	0	0	0	0	0	0	0
82.8	0	0	0	0	0	0	0	0	0	0	0	0	0
82.9	0	0	0	0	0	0	0	0	0	0	0	0	0
83	0	0	0	0	0	0	0	0	0	0	0	0	0
83.1	0	0	0	0	0	0	0	0	0	0	0	0	0
83.2	0	0	0	0	0	0	0	0	0	0	0	0	0
83.3	0	0	0	0	0	0	0	0	0	0	0	0	0
83.4	0	0	0	0	0	0	0	0	0	0	0	0	0
83.5	0	0	0	0	0	0	0	0	0	0	0	0	0
83.6	0	0	0	0	0	0	0	0	0	0	0	0	0
83.7	0	0	0	0	0	0	0	0	0	0	0	0	0
83.8	0	0	0	0	0	0	0	0	0	0	0	0	0
83.9	0	0	0	0	0	0	0	0	0	0	0	0	0
84	0	0	0	0	0	0	0	0	0	0	0	0	0
84.1	0	0	0	0	0	0	0	0	0	0	0	0	0
84.2	0	0	0	0	0	0	0	0	0	0	0	0	0
84.3	0	0	0	0	0	0	0	0	0	0	0	0	0
84.4	0	0	0	0	0	0	0	0	0	0	0	0	0
84.5	0	0	0	0	0	0	0	0	0	0	0	0	0
84.6	0	0	0	0	0	0	0	0	0	0	0	0	0
84.7	0	0	0	0	0	0	0	0	0	0	0	0	0
84.8	0	0	0	0	0	0	0	0	0	0	0	0	0
84.9	0	0	0	0	0	0	0	0	0	0	0	0	0
85	0	0	0	0	0	0	0	0	0	0	0	0	0
85.1	0	0	0	0	0	0	0	0	0	0	0	0	0
85.2	0	0	0	0	0	0	0	0	0	0	0	0	0
85.3	0	0	0	0	0	0	0	0	0	0	0	0	0
85.4	0	0	0	0	0	0	0	0	0	0	0	0	0
85.5	0	0	0	0	0	0	0	0	0	0	0	0	0
85.6	0	0	0	0	0	0	0	0	0	0	0	0	0
85.7	0	0	0	0	0	0	0	0	0	0	0	0	0
85.8	0	0	0	0	0	0	0	0	0	0	0	0	0
85.9	0	0	0	0	0	0	0	0	0	0	0	0	0
86	0	0	0	0	0	0	0	0	0	0	0	0	0
86.1	0	0	0	0	0	0	0	0	0	0	0	0	0
86.2	0	0	0	0	0	0	0	0	0	0	0	0	0
86.3	0	0	0	0	0	0	0	0	0	0	0	0	0
86.4	0	0	0	0	0	0	0	0	0	0	0	0	0
86.5	0	0	0	0	0	0	0	0	0	0	0	0	0
86.6	0	0	0	0	0	0	0	0	0	0	0	0	0
86.7	0	0	0	0	0	0	0	0	0	0	0	0	0
86.8	0	0	0	0	0	0	0	0	0	0	0	0	0
86.9	0	0	0	0	0	0	0	0	0	0	0	0	0
87	0	0	0	0	0	0	0	0	0	0	0	0	0
87.1	0	0	0	0	0	0	0	0	0	0	0	0	0
87.2	0	0	0	0	0	0	0	0	0	0	0	0	0
87.3	0	0	0	0	0	0	0	0	0	0	0	0	0
87.4	0	0	0	0	0	0	0	0	0	0	0	0	0
87.5	0	0	0	0	0	0	0	0	0	0	0	0	0
87.6	0	0	0	0	0	0	0	0	0	0	0	0	0
87.7	0	0	0	0	0	0	0	0	0	0	0	0	0
87.8	0	0	0	0	0	0	0	0	0	0	0	0	0
87.9	0	0	0	0	0	0	0	0	0	0	0	0	0
88	0	0	0	0	0	0	0	0	0	0	0	0	0
88.1	0	0	0	0	0	0	0	0	0	0	0	0	0
88.2	0	0	0	0	0	0	0	0	0	0	0	0	0
88.3	0	0	0	0	0	0	0	0	0	0	0	0	0
88.4	0	0	0	0	0	0	0	0	0	0	0	0	0
88.5	0	0	0	0	0	0	0	0	0	0	0	0	0
88.6	0	0	0	0	0	0	0	0	0	0	0	0	0
88.7	0	0	0	0	0	0	0	0	0	0	0	0	0
88.8	0	0	0	0	0	0	0	0	0	0	0	0	0
88.9	0	0	0	0	0	0	0	0	0	0	0	0	0
89	0	0	0	0	0	0	0	0	0	0	0	0	0
89.1	0	0	0	0	0	0	0	0	0	0	0	0	0
89.2	0	0	0	0	0	0	0	0	0	0	0	0	0
89.3	0	0	0	0	0	0	0	0	0	0	0	0	0
89.4	0	0	0	0	0	0	0	0	0	0	0	0	0
89.5	0	0	0	0	0	0	0	0	0	0	0	0	0
89.6	0	0	0	0	0	0	0	0	0	0	0	0	0
89.7	0	0	0	0	0	0	0	0	0	0	0	0	0
89.8	0	0	0	0	0	0	0	0	0	0	0	0	0
89.9	0	0	0	0	0	0	0	0	0	0	0	0	0
90	0	0	0	0	0	0	0	0	0	0	0	0	0
90.1	0	0	0	0	0	0	0	0	0	0	0	0	0
90.2	0	0	0	0	0	0	0	0	0	0	0	0	0
90.3	0	0	0	0	0	0	0	0	0	0	0	0	0
90.4	0	0	0	0	0	0	0	0	0	0	0	0	0
90.5	0	0	0	0	0	0	0	0	0	0	0	0	0
90.6	0	0	0	0	0	0	0	0	0	0	0	0	0
90.7	0	0	0	0	0	0	0	0	0	0	0	0	0
90.8	0	0	0	0	0	0	0	0	0	0	0	0	0
90.9	0	0	0	0	0	0	0	0	0	0	0	0	0
91	0	0	0	0	0	0	0	0	0	0	0	0	0
91.1	0	0	0	0	0	0	0	0	0	0	0	0	0
91.2	0	0	0	0	0	0	0	0	0	0	0	0	0
91.3	0	0	0	0	0	0	0	0	0	0	0	0	0
91.4	0	0	0	0	0	0	0	0	0	0	0	0	0
91.5	0	0	0	0	0	0	0	0	0	0	0	0	0
91.6	0	0	0	0	0	0	0	0	0	0	0	0	0
91.7	0	0	0	0	0	0	0	0	0	0	0	0	0
91.8	0	0	0	0	0	0	0	0	0	0	0	0	0
91.9	0	0	0	0	0	0	0	0	0	0	0	0	0
92	0	0	0	0	0	0	0	0	0	0	0	0	0
92.1	0	0	0	0	0	0	0	0	0	0	0	0	0
92.2	0	0	0	0	0	0	0	0	0	0	0	0	0
92.3	0	0	0	0	0	0	0	0	0	0	0	0	0
92.4	0	0	0	0	0	0	0	0	0	0	0	0	0
92.5	0	0	0	0	0	0	0	0	0	0	0	0	0
92.6	0	0	0	0	0	0	0	0	0	0	0	0	0
92.7	0	0	0	0	0	0	0	0	0	0	0	0	0
92.8	0	0	0	0	0	0	0	0	0	0	0	0	0
92.9	0	0	0	0	0	0	0	0	0	0	0	0	0
93	0	0	0	0	0	0	0	0	0	0	0	0	0
93.1	0	0	0	0	0	0	0	0	0	0	0	0	0
93.2	0	0	0	0	0	0	0	0	0	0	0	0	0
93.3	0	0	0	0	0	0	0	0	0	0	0	0	0
93.4	0	0	0	0	0	0	0	0	0	0	0	0	0
93.5	0	0	0	0	0	0	0	0	0	0	0	0	0
93.6	0	0	0	0	0	0	0	0	0	0	0	0	0
93.7	0	0	0	0	0	0	0	0	0	0	0	0	0
93.8	0	0	0	0	0	0	0	0	0	0	0	0	0
93.9	0	0	0	0	0	0	0	0	0	0	0	0	0
94	0	0	0	0	0	0	0	0	0	0	0	0	0
94.1	0	0	0	0	0	0	0	0	0	0	0	0	0
94.2	0	0	0	0	0	0	0	0	0	0	0	0	0
94.3	0	0	0	0	0	0	0	0	0	0	0	0	0
94.4	0	0	0	0	0	0	0	0	0	0	0	0	0
94.5	0	0	0	0	0	0	0	0	0	0	0	0	0
94.6	0	0	0	0	0	0	0	0	0	0	0	0	0
94.7	0	0	0	0	0	0	0	0	0	0	0	0	0
94.8	0	0	0	0	0	0	0	0	0	0	0	0	0
94.9	0	0	0	0	0	0	0	0	0	0	0	0	0
95	0	0	0	0	0	0	0	0	0	0	0	0	0
95.1	0	0	0	0	0	0	0	0	0	0	0	0	0
95.2	0	0	0	0	0	0	0	0	0	0	0	0	0
95.3	0	0	0	0	0	0	0	0	0	0	0	0	0
95.4	0	0	0	0	0	0	0	0	0	0	0	0	0
95.5	0	0	0	0	0	0	0	0	0	0	0	0	0
95.6	0	0	0	0	0	0	0	0	0	0	0	0	0
95.7	0	0	0	0	0	0	0	0	0	0	0	0	0
95.8	0	0	0	0	0	0	0	0	0	0	0	0	0
95.9	0	0	0	0	0	0	0	0	0	0	0	0	0
96	0	0	0	0	0	0	0	0	0	0	0	0	0
96.1	0	0	0	0	0	0	0	0	0	0	0	0	0
96.2	0	0	0	0	0	0	0	0	0	0	0	0	0
96.3	0	0	0	0	0	0	0	0	0	0	0	0	0
96.4	0	0	0	0	0	0	0	0	0	0	0	0	0
96.5	0	0	0	0	0	0	0	0	0	0	0	0	0
96.6	0	0	0	0	0	0	0	0	0	0	0	0	0
96.7	0	0	0	0	0	0	0	0	0	0	0	0	0
96.8	0	0	0	0	0	0	0	0	0	0	0	0	0
96.9	0	0	0	0	0	0	0	0	0	0	0	0	0
97	0	0	0	0	0	0	0	0	0	0	0	0	0
97.1	0	0	0	0	0	0	0	0	0	0	0	0	0
97.2	0	0	0	0	0	0	0	0	0	0	0	0	0
97.3	0	0	0	0	0	0	0	0	0	0	0	0	0
97.4	0	0	0	0	0	0	0	0	0	0	0	0	0
97.5	0	0	0	0	0	0	0	0	0	0	0	0	0
97.6	0	0	0	0	0	0	0	0	0	0	0	0	0
97.7	0	0	0	0	0	0	0	0	0	0	0	0	0
97.8	0	0	0	0	0	0	0	0	0	0	0	0	0
97.9	0	0	0	0	0	0	0	0	0	0	0	0	0
98	0	0	0	0	0	0	0	0	0	0	0	0	0
98.1	0	0	0	0	0	0	0	0	0	0	0	0	0
98.2	0	0	0	0	0	0	0	0	0	0	0	0	0
98.3	0	0	0	0	0	0	0	0	0	0	0	0	0
98.4	0	0	0	0	0	0	0	0	0	0	0	0	0
98.5	0	0	0	0	0	0	0	0	0	0	0	0	0
98.6	0	0	0	0	0	0	0	0	0	0	0	0	0
98.7	0	0	0	0	0	0	0	0	0	0	0	0	0
98.8	0	0	0	0	0	0	0	0	0	0	0	0	0
98.9	0	0	0	0	0	0	0	0	0	0	0	0	0
99	0	0	0	0	0	0	0	0	0	0	0	0	0
99.1	0	0	0	0	0	0	0	0	0	0	0	0	0
99.2	0	0	0	0	0	0	0	0	0	0	0	0	0
99.3	0	0	0	0	0	0	0	0	0	0	0	0	0
99.4	0	0	0	0	0	0	0	0	0	0	0	0	0
99.5	0	0	0	0	0	0	0	0	0	0	0	0	0
99.6	0	0	0	0	0	0	0	0	0	0	0	0	0
99.7	0	0	0	0	0	0	0	0	0	0	0	0	0
99.8	0	0	0	0	0	0	0	0	0	0	0	0	0
99.9	0	0	0	0	0	0	0	0	0	0	0	0	0
100	0	0	0	0	0	0	0	0	0	0	0	0	0
100.1	0	0	0	0	0	0	0	0	0	0	0	0	0
100.2	0	0	0	0	0	0	0	0	0	0	0	0	0
100.3	0	0	0	0	0	0	0	0	0	0	0	0	0
100.4	0	0	0	0	0	0	0	0	0	0	0	0	0
100.5	0	0	0	0	0	0	0	0	0	0	0	0	0
100.6	0	0	0	0	0	0	0	0	0	0	0	0	0
100.7	0	0	0	0	0	0	0	0	0	0	0	0	0
100.8	0	0	0	0	0	0	0	0	0	0	0	0	0
100.9	0	0	0	0	0	0	0	0	0	0	0	0	0
101	0	0	0	0	0	0	0	0	0	0	0	0	0
101.1	0	0	0	0	0	0	0	0	0	0	0	0	0
101.2	0	0	0	0	0	0	0	0	0	0	0	0	0
101.3	0	0	0	0	0	0	0	0	0	0	0	0	0
101.4	0	0	0	0	0	0	0	0	0	0	0	0	0
101.5	0	0	0	0	0	0	0	0	0	0	0	0	0
101.6	0	0	0	0	0	0	0	0	0	0	0	0	0
101.7	0	0	0	0	0	0	0	0	0	0	0	0	0
101.8	0	0	0	0	0	0	0	0	0	0	0	0	0
101.9	0	0	0	0	0	0	0	0	0	0	0	0	0
102	0	0	0	0	0	0	0	0	0	0	0	0	0
102.1	0	0	0	0	0	0	0	0	0	0	0	0	0
102.2	0	0	0	0	0	0	0	0	0	0	0	0	0
102.3	0	0	0	0	0	0	0	0	0	0	0	0	0
102.4	0	0	0	0	0	0	0	0	0	0	0	0	0
102.5	0	0	0	0	0	0	0	0	0	0	0	0	0
102.6	0	0	0	0	0	0	0	0	0	0	0	0	0
102.7	0	0	0	0	0	0	0	0	0	0	0	0	0
102.8	0	0	0	0	0	0	0	0	0	0	0	0	0
102.9	0	0	0	0	0	0	0	0	0	0	0	0	0
103	0	0	0	0	0	0	0	0	0	0	0	0	0
103.1	0	0	0	0	0	0	0	0	0	0	0	0	0
103.2	0	0	0	0	0	0	0	0	0	0	0	0	0
103.3	0	0	0	0	0	0	0	0	0	0	0	0	0
103.4	0	0	0	0	0	0	0	0	0	0	0	0	0
103.5	0	0	0	0	0	0	0	0	0	0	0	0	0
103.6	0	0	0	0	0	0	0	0	0	0	0	0	0
103.7	0	0	0	0	0	0	0	0	0	0	0	0	0
103.8	0	0	0	0	0	0	0	0	0	0	0	0	0
103.9	0	0	0	0	0	0	0	0	0	0	0	0	0
104	0	0	0	0	0	0	0	0	0	0	0	0	0
104.1	0	0	0	0	0	0	0	0	0	0	0	0	0
104.2	0	0	0	0	0	0	0	0	0	0	0	0	0
104.3	0	0	0	0	0	0	0	0	0	0	0	0	0
104.4	0	0	0	0	0	0	0	0	0	0	0	0	0
104.5	0	0	0	0	0	0	0	0	0	0	0	0	0
104.6	0	0	0	0	0	0	0	0	0	0	0	0	0
104.7	0	0	0	0	0	0	0	0	0	0	0	0	0
104.8	0	0	0	0	0	0	0	0	0	0	0	0	0
104.9	0	0	0	0	0	0	0	0	0	0	0	0	0
105	0	0	0	0	0	0	0	0	0	0	0	0	0
105.1	0	0	0	0	0	0	0	0	0	0	0	0	0
105.2	0	0	0	0	0	0	0	0	0	0	0	0	0
105.3	0	0	0	0	0	0	0	0	0	0	0	0	0
105.4	0	0	0	0	0	0	0	0	0	0	0	0	0
105.5	0	0	0	0	0	0	0	0	0	0	0	0	0
105.6	0	0	0	0	0	0	0	0	0	0	0	0	0
105.7	0	0	0	0	0	0	0	0	0	0	0	0	0
105.8	0	0	0	0	0	0	0	0	0	0	0	0	0
105.9	0	0	0	0	0	0	0	0	0	0	0	0	0
106	0	0	0	0	0	0	0	0	0	0	0	0	0
106.1	0	0	0	0	0	0	0	0	0	0	0	0	0
106.2	0	0	0	0	0	0	0	0	0	0	0	0	0
106.3	0	0	0	0	0	0	0	0	0	0	0	0	0
106.4	0	0	0	0	0	0	0	0	0	0	0	0	0
106.5	0	0	0	0	0	0	0	0	0	0	0	0	0
106.6	0	0	0	0	0	0	0	0	0	0	0	0	0
106.7	0	0	0	0	0	0	0	0	0	0	0	0	0
106.8	0	0	0	0	0	0	0	0	0	0	0	0	0
106.9	0	0	0	0	0	0	0	0	0	0	0	0	0
107	0	0	0	0	0	0	0	0	0	0	0	0	0
107.1	0	0	0	0	0	0	0	0	0	0	0	0	0
107.2	0	0	0	0	0	0	0	0	0	0	0	0	0
107.3	0	0	0	0	0	0	0	0	0	0	0	0	0
107.4	0	0	0	0	0	0	0	0	0	0	0	0	0
107.5	0	0	0	0	0	0	0	0	0	0	0	0	0
107.6	0	0	0	0	0	0	0	0	0	0	0	0	0
107.7	0	0	0	0	0	0	0	0	0	0	0	0	0
107.8	0	0	0	0	0	0	0	0	0	0	0	0	0
107.9	0	0	0	0	0	0	0	0	0	0	0	0	0
108	0	0	0	0	0	0	0	0	0	0	0	0	0
108.1	0	0	0	0	0	0	0	0	0	0	0	0	0
108.2	0	0	0	0	0	0	0	0	0	0	0	0	0
108.3	0	0	0	0	0	0	0	0	0	0	0	0	0
108.4	0	0	0	0	0	0	0	0	0	0	0	0	0
108.5	0	0	0	0	0	0	0	0	0	0	0	0	0
108.6	0	0	0	0	0	0	0	0	0	0	0	0	0
108.7	0	0	0	0	0	0	0	0	0	0	0	0	0
108.8	0	0	0	0	0	0	0	0	0	0	0	0	0
108.9	0	0	0	0	0	0	0	0	0	0	0	0	0
109	0	0	0	0	0	0	0	0	0	0	0	0	0
109.1	0	0	0	0	0	0	0	0	0	0	0	0	0
109.2	0	0	0	0	0	0	0	0	0	0	0	0	0
109.3	0	0	0	0	0	0	0	0	0	0	0	0	0
109.4	0	0	0	0	0	0	0	0	0	0	0	0	0
109.5	0	0	0	0	0	0	0	0	0	0	0	0	0
109.6	0	0	0	0	0	0	0	0	0	0	0	0	0
109.7	0	0	0	0	0	0	0	0	0	0	0	0	0
109.8	0	0	0	0	0	0	0	0	0	0	0	0	0
109.9	0	0	0	0	0	0	0	0	0	0	0	0	0
110	0	0	0	0	0	0	0	0	0	0	0	0	0
110.1	0	0	0	0	0	0	0	0	0	0	0	0	0
110.2	0	0	0	0	0	0	0	0	0	0	0	0	0
110.3	0	0	0	0	0	0	0	0	0	0	0	0	0
110.4	0	0	0	0	0	0	0	0	0	0	0	0	0
110.5	0	0	0	0	0	0	0	0	0	0	0	0	0
110.6	0	0	0	0	0	0	0	0	0	0	0	0	0
110.7	0	0	0	0	0	0	0	0	0	0	0	0	0
110.8	0	0	0	0	0	0	0	0	0	0	0	0	0
110.9	0	0	0	0	0	0	0	0	0	0	0	0	0
111	0	0	0	0	0	0	0	0	0	0	0	0	0
111.1	0	0	0	0	0	0	0	0	0	0	0	0	0
111.2	0	0	0	0	0	0	0	0	0	0	0	0	0
111.3	0	0	0	0	0	0	0	0	0	0	0	0	0
111.4	0	0	0	0	0	0	0	0	0	0	0	0	0
111.5	0	0	0	0	0	0	0	0	0	0	0	0	0
111.6	0	0	0	0	0	0	0	0	0	0	0	0	0
111.7	0	0	0	0	0	0	0	0	0	0	0	0	0
111.8	0	0	0	0	0	0	0	0	0	0	0	0	0
111.9	0	0	0	0	0	0	0	0	0	0	0	0	0
112	0	0	0	0	0	0	0	0	0	0	0	0	0
112.1	0	0	0	0	0	0	0	0	0	0	0	0	0
112.2	0	0	0	0	0	0	0	0	0	0	0	0	0
112.3	0	0	0	0	0	0	0	0	0	0	0	0	0
112.4	0	0	0	0	0	0	0	0	0	0	0	0	0
112.5	0	0	0	0	0	0	0	0	0	0	0	0	0
112.6	0	0	0	0	0	0	0	0	0	0	0	0	0
112.7	0	0	0	0	0	0	0	0	0	0	0	0	0
112.8	0	0	0	0	0	0	0	0	0	0	0	0	0
112.9	0	0	0	0	0	0	0	0	0	0	0	0	0
113	0	0	0	0	0	0	0	0	0	0	0	0	0
113.1	0	0	0	0	0	0	0	0	0	0	0	0	0
113.2	0	0	0	0	0	0	0	0	0	0	0	0	0
113.3	0	0	0	0	0	0	0	0	0	0	0	0	0
113.4	0	0	0	0	0	0	0	0	0	0	0	0	0
113.5	0	0	0	0	0	0	0	0	0	0	0	0	0
113.6	0	0	0	0	0	0	0	0	0	0	0	0	0
113.7	0	0	0	0	0	0	0	0	0	0	0	0	0
113.8	0	0	0	0	0	0	0	0	0	0	0	0	0
113.9	0	0	0	0	0	0	0	0	0	0	0	0	0
114	0	0	0	0	0	0	0	0	0	0	0	0	0
114.1	0	0	0	0	0	0	0	0	0	0	0	0	0
114.2	0	0	0	0	0	0	0	0	0	0	0	0	0
114.3	0	0	0	0	0	0	0	0	0	0	0	0	0
114.4	0	0	0	0	0	0	0	0	0	0	0	0	0
114.5	0	0	0	0	0	0	0	0	0	0	0	0	0
114.6	0	0	0	0	0	0	0	0	0	0	0	0	0
114.7	0	0	0	0	0	0	0	0	0	0	0	0	0
114.8	0	0	0	0	0	0	0	0	0	0	0	0	0
114.9	0	0	0	0	0	0	0	0	0	0	0	0	0
115	0	0	0	0	0	0	0	0	0	0	0	0	0
115.1	0	0	0	0	0	0	0	0	0	0	0	0	0
115.2	0	0	0	0	0	0	0	0	0	0	0	0	0
115.3	0	0	0	0	0	0	0	0	0	0	0	0	0
115.4	0	0	0	0	0	0	0	0	0	0	0	0	0
115.5	0	0	0	0	0	0	0	0	0	0	0	0	0
115.6	0	0	0	0	0	0	0	0	0	0	0	0	0
115.7	0	0	0	0	0	0	0	0	0	0	0	0	0
115.8	0	0	0	0	0	0	0	0	0	0	0	0	0
115.9	0	0	0	0	0	0	0	0	0	0	0	0	0
116	0	0	0	0	0	0	0	0	0	0	0	0	0
116.1	0	0	0	0	0	0	0	0	0	0	0	0	0
116.2	0	0	0	0	0	0	0	0	0	0	0	0	0
116.3	0	0	0	0	0	0	0	0	0	0	0	0	0
116.4	0	0	0	0	0	0	0	0	0	0	0	0	0
116.5	0	0	0	0	0	0	0	0	0	0	0	0	0
116.6	0	0	0	0	0	0	0	0	0	0	0	0	0
116.7	0	0	0	0	0	0	0	0	0	0	0	0	0
116.8	0	0	0	0	0	0	0	0	0	0	0	0	0
116.9	0	0	0	0	0	0	0	0	0	0	0	0	0
117	0	0	0	0	0	0	0	0	0	0	0	0	0
117.1	0	0	0	0	0	0	0	0	0	0	0	0	0
117.2	0	0	0	0	0	0	0	0	0	0	0	0	0
117.3	0	0	0	0	0	0	0	0	0	0	0	0	0
117.4	0	0	0	0	0	0	0	0	0	0	0	0	0
117.5	0	0	0	0	0	0	0	0	0	0	0	0	0
117.6	0	0	0	0	0	0	0	0	0	0	0	0	0
117.7	0	0	0	0	0	0	0	0	0	0	0	0	0
117.8	0	0	0	0	0	0	0	0	0	0	0	0	0
117.9	0	0	0	0	0	0	0	0	0	0	0	0	0
118	0	0	0	0	0	0	0	0	0	0	0	0	0
118.1	0	0	0	0	0	0	0	0	0	0	0	0	0
118.2	0	0	0	0	0	0	0	0	0	0	0	0	0
118.3	0	0	0	0	0	0	0	0	0	0	0	0	0
118.4	0	0	0	0	0	0	0	0	0	0	0	0	0
118.5	0	0	0	0	0	0	0	0	0	0	0	0	0
118.6	0	0	0	0	0	0	0	0	0	0	0	0	0
118.7	0	0	0	0	0	0	0	0	0	0	0	0	0
118.8	0	0	0	0	0	0	0	0	0	0	0	0	0
118.9	0	0	0	0	0	0	0	0	0	0	0	0	0
119	0	0	0	0	0	0	0	0	0	0	0	0	0
119.1	0	0	0	0	0	0	0	0	0	0	0	0	0
119.2	0	0	0	0	0	0	0	0	0	0	0	0	0
119.3	0	0	0	0	0	0	0	0	0	0	0	0	0
119.4	0	0	0	0	0	0	0	0	0	0	0	0	0
119.5	0	0	0	0	0	0	0	0	0	0	0	0	0
119.6	0	0	0	0	0	0	0	0	0	0	0	0	0
119.7	0	0	0	0	0	0	0	0	0	0	0	0	0
119.8	0	0	0	0	0	0	0	0	0	0	0	0	0
119.9	0	0	0	0	0	0	0	0	0	0	0	0	0
120	0	0	0	0	0	0	0	0	0	0	0	0	0
120.1	0	0	0	0	0	0	0	0	0	0	0	0	0
120.2	0	0	0	0	0	0	0	0	0	0	0	0	0
120.3	0	0	0	0	0	0	0	0	0	0	0	0	0
120.4	0	0	0	0	0	0	0	0	0	0	0	0	0
120.5	0	0	0	0	0	0	0	0	0	0	0	0	0
120.6	0	0	0	0	0	0	0	0	0	0	0	0	0
120.7	0	0	0	0	0	0	0	0	0	0	0	0	0
120.8	0	0	0	0	0	0	0	0	0	0	0	0	0
120.9	0	0	0	0	0	0	0	0	0	0	0	0	0
121	0	0	0	0	0	0	0	0	0	0	0	0	0
121.1	0	0	0	0	0	0	0	0	0	0	0	0	0
121.2	0	0	0	0	0	0	0	0	0	0	0	0	0
121.3	0	0	0	0	0	0	0	0	0	0	0	0	0
121.4	0	0	0	0	0	0	0	0	0	0	0	0	0
121.5	0	0	0	0	0	0	0	0	0	0	0	0	0
121.6	0	0	0	0	0	0	0	0	0	0	0	0	0
121.7	0	0	0	0	0	0	0	0	0	0	0	0	0
121.8	0	0	0	0	0	0	0	0	0	0	0	0	0
121.9	0	0	0	0	0	0	0	0	0	0	0	0	0
122	0	0	0	0	0	0	0	0	0	0	0	0	0
122.1	0	0	0	0	0	0	0	0	0	0	0	0	0
122.2	0	0	0	0	0	0	0	0	0	0	0	0	0
122.3	0	0	0	0	0	0	0	0	0	0	0	0	0
122.4	0	0	0	0	0	0	0	0	0	0	0	0	0
122.5	0	0	0	0	0	0	0	0	0	0	0	0	0
122.6	0	0	0	0	0	0	0	0	0	0	0	0	0
122.7	0	0	0	0	0	0	0	0	0	0	0	0	0
122.8	0	0	0	0	0	0	0	0	0	0	0	0	0
122.9	0	0	0	0	0	0	0	0	0	0	0	0	0
123	0	0	0	0	0	0	0	0	0	0	0	0	0
123.1	0	0	0	0	0	0	0	0	0	0	0	0	0
123.2	0	0	0	0	0	0	0	0	0	0	0	0	0
123.3	0	0	0	0	0	0	0	0	0	0	0	0	0
123.4	0	0	0	0	0	0	0	0	0	0	0	0	0
123.5	0	0	0	0	0	0	0	0	0	0	0	0	0
123.6	0	0	0	0	0	0	0	0	0	0	0	0	0
123.7	0	0	0	0	0	0	0	0	0	0	0	0	0
123.8	0	0	0	0	0	0	0	0	0	0	0	0	0
123.9	0	0	0	0	0	0	0	0	0	0	0	0	0
124	0	0	0	0	0	0	0	0	0	0	0	0	0
124.1	0	0	0	0	0	0	0	0	0	0	0	0	0
124.2	0	0	0	0	0	0	0	0	0	0	0	0	0
124.3	0	0	0	0	0	0	0	0	0	0	0	0	0
124.4	0	0	0	0	0	0	0	0	0	0	0	0	0
124.5	0	0	0	0	0	0	0	0	0	0	0	0	0
124.6	0	0	0	0	0	0	0	0	0	0	0	0	0
124.7	0	0	0	0	0	0	0	0	0	0	0	0	0
124.8	0	0	0	0	0	0	0	0	0	0	0	0	0
124.9	0	0	0	0	0	0	0	0	0	0	0	0	0
125	0	0	0	0	0	0	0	0	0	0	0	0	0
125.1	0	0	0	0	0	0	0	0	0	0	0	0	0
125.2	0	0	0	0	0	0	0	0	0	0	0	0	0
125.3	0	0	0	0	0	0	0	0	0	0	0	0	0
125.4	0	0	0	0	0	0	0	0	0	0	0	0	0
125.5	0	0	0	0	0	0	0	0	0	0	0	0	0
125.6	0	0	0	0	0	0	0	0	0	0	0	0	0
125.7	0	0	0	0	0	0	0	0	0	0	0	0	0
125.8	0	0	0	0	0	0	0	0	0	0	0	0	0
125.9	0	0	0	0	0	0	0	0	0	0	0	0	0
126	0	0	0	0	0	0	0	0	0	0	0	0	0
126.1	0	0	0	0	0	0	0	0	0	0	0	0	0
126.2	0	0	0	0	0	0	0	0	0	0	0	0	0
126.3	0	0	0	0	0	0	0	0	0	0	0	0	0
126.4	0	0	0	0	0	0	0	0	0	0	0	0	0
126.5	0	0	0	0	0	0	0	0	0	0	0	0	0
126.6	0	0	0	0	0	0	0	0	0	0	0	0	0
126.7	0	0	0	0	0	0	0	0	0	0	0	0	0
126.8	0	0	0	0	0	0	0	0	0	0	0	0	0
126.9	0	0	0	0	0	0	0	0	0	0	0	0	0
127	0	0	0	0	0	0	0	0	0	0	0	0	0
127.1	0	0	0	0	0	0	0	0	0	0	0	0	0
127.2	0	0	0	0	0	0	0	0	0	0	0	0	0
127.3	0	0	0	0	0	0	0	0	0	0	0	0	0
127.4	0	0	0	0	0	0	0	0	0	0	0	0	0
127.5	0	0	0	0	0	0	0	0	0	0	0	0	0
127.6	0	0	0	0	0	0	0	0	0	0	0	0	0
127.7	0	0	0	0	0	0	0	0	0	0	0	0	0
127.8	0	0	0	0	0	0	0	0	0	0	0	0	0
127.9	0	0	0	0	0	0	0	0	0	0	0	0	0
128	0	0	0	0	0	0	0	0	0	0	0	0	0
128.1	0	0	0	0	0	0	0	0	0	0	0	0	0
128.2	0	0	0	0	0	0	0	0	0	0	0	0	0
128.3	0	0	0	0	0	0	0	0	0	0	0	0	0
128.4	0	0	0	0	0	0	0	0	0	0	0	0	0
128.5	0	0	0	0	0	0	0	0	0	0	0	0	0
128.6	0	0	0	0	0	0	0	0	0	0	0	0	0
128.7	0	0	0	0	0	0	0	0	0	0	0	0	0
128.8	0	0	0	0	0	0	0	0	0	0	0	0	0
128.9	0	0	0	0	0	0	0	0	0	0	0	0	0
129	0	0	0	0	0	0	0	0	0	0	0	0	0
129.1	0	0	0	0	0	0	0	0	0	0	0	0	0
129.2	0	0	0	0	0	0	0	0	0	0	0	0	0
129.3	0	0	0	0	0	0	0	0	0	0	0	0	0
129.4	0	0	0	0	0	0	0	0	0	0	0	0	0
129.5	0	0	0	0	0	0	0	0	0	0	0	0	0
129.6	0	0	0	0	0	0	0	0	0	0	0	0	0
129.7	0	0	0	0	0	0	0	0	0	0	0	0	0
129.8	0	0	0	0	0	0	0	0	0	0	0	0	0
129.9	0	0	0	0	0	0	0	0	0	0	0	0	0
130	0	0	0	0	0	0	0	0	0	0	0	0	0
130.1	0	0	0	0	0	0	0	0	0	0	0	0	0
130.2	0	0	0	0	0	0	0	0	0	0	0	0	0
130.3	0	0	0	0	0	0	0	0	0	0	0	0	0
130.4	0	0	0	0	0	0	0	0	0	0	0	0	0
130.5	0	0	0	0	0	0	0	0	0	0	0	0	0
130.6	0	0	0	0	0	0	0	0	0	0	0	0	0
130.7	0	0	0	0	0	0	0	0	0	0	0	0	0
130.8	0	0	0	0	0	0	0	0	0	0	0	0	0
130.9	0	0	0	0	0	0	0	0	0	0	0	0	0
131	0	0	0	0	0	0	0	0	0	0	0	0	0
131.1	0	0	0	0	0	0	0	0	0	0	0	0	0
131.2	0	0	0	0	0	0	0	0	0	0	0	0	0
131.3	0	0	0	0	0	0	0	0	0	0	0	0	0
131.4	0	0	0	0	0	0	0	0	0	0	0	0	0
131.5	0	0	0	0	0	0	0	0	0	0	0	0	0
131.6	0	0	0	0	0	0	0	0	0	0	0	0	0
131.7	0	0	0	0	0	0	0	0	0	0	0	0	0
131.8	0	0	0	0	0	0	0	0	0	0	0	0	0
131.9	0	0	0	0	0	0	0	0	0	0	0	0	0
132	0	0	0	0	0	0	0	0	0	0	0	0	0
132.1	0	0	0	0	0	0	0	0	0	0	0	0	0
132.2	0	0	0	0	0	0	0	0	0	0	0	0	0
132.3	0	0	0	0	0	0	0	0	0	0	0	0	0
132.4	0	0	0	0	0	0	0	0	0	0	0	0	0
132.5	0	0	0	0	0	0	0	0	0	0	0	0	0
132.6	0	0	0	0	0	0	0	0	0	0	0	0	0
132.7	0	0	0	0	0	0	0	0	0	0	0	0	0
132.8	0	0	0	0	0	0	0	0	0	0	0	0	0
132.9	0	0	0	0	0	0	0	0	0	0	0	0	0
133	0	0	0	0	0	0	0	0	0	0	0	0	0
133.1	0	0	0	0	0	0	0	0	0	0	0	0	0
133.2	0	0	0	0	0	0	0	0	0	0	0	0	0
133.3	0	0	0	0	0	0	0	0	0	0	0	0	0
133.4	0	0	0	0	0	0	0	0	0	0	0	0	0
133.5	0	0	0	0	0	0	0	0	0	0	0	0	0
133.6	0	0	0	0	0	0	0	0	0	0	0	0	0
133.7	0	0	0	0	0	0	0	0	0	0	0	0	0
133.8	0	0	0	0	0	0	0	0	0	0	0	0	0
133.9	0	0	0	0	0	0	0	0	0	0	0	0	0
134	0	0	0	0	0	0	0	0	0	0	0	0	0
134.1	0	0	0	0	0	0	0	0	0	0	0	0	0
134.2	0	0	0	0	0	0	0	0	0	0	0	0	0
134.3	0	0	0	0	0	0	0	0	0	0	0	0	0
134.4	0	0	0	0	0	0	0	0	0	0	0	0	0
134.5	0	0	0	0	0	0	0	0	0	0	0	0	0
134.6	0	0	0	0	0	0	0	0	0	0	0	0	0
134.7	0	0	0	0	0	0	0	0	0	0	0	0	0
134.8	0	0	0	0	0	0	0	0	0	0	0	0	0
134.9	0	0	0	0	0	0	0	0	0	0	0	0	0
135	0	0	0	0	0	0	0	0	0	0	0	0	0
135.1	0	0	0	0	0	0	0	0	0	0	0	0	0
135.2	0	0	0	0	0	0	0	0	0	0	0	0	0
135.3	0	0	0	0	0	0	0	0	0	0	0	0	0
135.4	0	0	0	0	0	0	0	0	0	0	0	0	0
135.5	0	0	0	0	0	0	0	0	0	0	0	0	0
135.6	0	0	0	0	0	0	0	0	0	0	0	0	0
135.7	0	0	0	0	0	0	0	0	0	0	0	0	0
135.8	0	0	0	0	0	0	0	0	0	0	0	0	0
135.9	0	0	0	0	0	0	0	0	0	0	0	0	0
136	0	0	0	0	0	0	0	0	0	0	0	0	0
136.1	0	0	0	0	0	0	0	0	0	0	0	0	0
136.2	0	0	0	0	0	0	0	0	0	0	0	0	0
136.3	0	0	0	0	0	0	0	0	0	0	0	0	0
136.4	0	0	0	0	0	0	0	0	0	0	0	0	0
136.5	0	0	0	0	0	0	0	0	0	0	0	0	0
136.6	0	0	0	0	0	0	0	0	0	0	0	0	0
136.7	0	0	0	0	0	0	0	0	0	0	0	0	0
136.8	0	0	0	0	0	0	0	0	0	0	0	0	0
136.9	0	0	0	0	0	0	0	0	0	0	0	0	0
137	0	0	0	0	0	0	0	0	0	0	0	0	0
137.1	0	0	0	0	0	0	0	0	0	0	0	0	0
137.2	0	0	0	0	0	0	0	0	0	0	0	0	0
137.3	0	0	0	0	0	0	0	0	0	0	0	0	0
137.4	0	0	0	0	0	0	0	0	0	0	0	0	0
137.5	0	0	0	0	0	0	0	0	0	0	0	0	0
137.6	0	0	0	0	0	0	0	0	0	0	0	0	0
137.7	0	0	0	0	0	0	0	0	0	0	0	0	0
137.8	0	0	0	0	0	0	0	0	0	0	0	0	0
137.9	0	0	0	0	0	0	0	0	0	0	0	0	0
138	0	0	0	0	0	0	0	0	0	0	0	0	0
138.1	0	0	0	0	0	0	0	0	0	0	0	0	0
138.2	0	0	0	0	0	0	0	0	0	0	0	0	0
138.3	0	0	0	0	0	0	0	0	0	0	0	0	0
138.4	0	0	0	0	0	0	0	0	0	0	0	0	0
138.5	0	0	0	0	0	0	0	0	0	0	0	0	0
138.6	0	0	0	0	0	0	0	0	0	0	0	0	0
138.7	0	0	0	0	0	0	0	0	0	0	0	0	0
138.8	0	0	0	0	0	0	0	0	0	0	0	0	0
138.9	0	0	0	0	0	0	0	0	0	0	0	0	0
139	0	0	0	0	0	0	0	0	0	0	0	0	0
139.1	0	0	0	0	0	0	0	0	0	0	0	0	0
139.2	0	0	0	0	0	0	0	0	0	0	0	0	0
139.3	0	0	0	0	0	0	0	0	0	0	0	0	0
139.4	0	0	0	0	0	0	0	0	0	0	0	0	0
139.5	0	0	0	0	0	0	0	0	0	0	0	0	0
139.6	0	0	0	0	0	0	0	0	0	0	0	0	0
139.7	0	0	0	0	0	0	0	0	0	0	0	0	0
139.8	0	0	0	0	0	0	0	0	0	0	0	0	0
139.9	0	0	0	0	0	0	0	0	0	0	0	0	0
140	0	0	0	0	0	0	0	0	0	0	0	0	0
140.1	0	0	0	0	0	0	0	0	0	0	0	0	0
140.2	0	0	0	0	0	0	0	0	0	0	0	0	0
140.3	0	0	0	0	0	0	0	0	0	0	0	0	0
140.4	0	0	0	0	0	0	0	0	0	0	0	0	0
140.5	0	0	0	0	0	0	0	0	0	0	0	0	0
140.6	0	0	0	0	0	0	0	0	0	0	0	0	0
140.7	0	0	0	0	0	0	0	0	0	0	0	0	0
140.8	0	0	0	0	0	0	0	0	0	0	0	0	0
140.9	0	0	0	0	0	0	0	0	0	0	0	0	0
141	0	0	0	0	0	0	0	0	0	0	0	0	0
141.1	0	0	0	0	0	0	0	0	0	0	0	0	0
141.2	0	0	0	0	0	0	0	0	0	0	0	0	0
141.3	0	0	0	0	0	0	0	0	0	0	0	0	0
141.4	0	0	0	0	0	0	0	0	0	0	0	0	0
141.5	0	0	0	0	0	0	0	0	0	0	0	0	0
141.6	0	0	0	0	0	0	0	0	0	0	0	0	0
141.7	0	0	0	0	0	0	0	0	0	0	0	0	0
141.8	0	0	0	0	0	0	0	0	0	0	0	0	0
141.9	0	0	0	0	0	0	0	0	0	0	0	0	0
142	0	0	0	0	0	0	0	0	0	0	0	0	0
142.1	0	0	0	0	0	0	0	0	0	0	0	0	0
142.2	0	0	0	0	0	0	0	0	0	0	0	0	0
142.3	0	0	0	0	0	0	0	0	0	0	0	0	0
142.4	0	0	0	0	0	0	0	0	0	0	0	0	0
142.5	0	0	0	0	0	0	0	0	0	0	0	0	0
142.6	0	0	0	0	0	0	0	0	0	0	0	0	0
142.7	0	0	0	0	0	0	0	0	0	0	0	0	0
142.8	0	0	0	0	0	0	0	0	0	0	0	0	0
142.9	0	0	0	0	0	0	0	0	0	0	0	0	0
143	0	0	0	0	0	0	0	0	0	0	0	0	0
143.1	0	0	0	0	0	0	0	0	0	0	0	0	0
143.2	0	0	0	0	0	0	0	0	0	0	0	0	0
143.3	0	0	0	0	0	0	0	0	0	0	0	0	0
143.4	0	0	0	0	0	0	0	0	0	0	0	0	0
143.5	0	0	0	0	0	0	0	0	0	0	0	0	0
143.6	0	0	0	0	0	0	0	0	0	0	0	0	0
143.7	0	0	0	0	0	0	0	0	0	0	0	0	0
143.8	0	0	0	0	0	0	0	0	0	0	0	0	0
143.9	0	0	0	0	0	0	0	0	0	0	0	0	0
144	0	0	0	0	0	0	0	0	0	0	0	0	0
144.1	0	0	0	0	0	0	0	0	0	0	0	0	0
144.2	0	0	0	0	0	0	0	0	0	0	0	0	0
144.3	0	0	0	0	0	0	0	0	0	0	0	0	0
144.4	0	0	0	0	0	0	0	0	0	0	0	0	0
144.5	0	0	0	0	0	0	0	0	0	0	0	0	0
